1347
1435
744 744 746 748 752 744 754 755 756 757 758 759 761 762 763 764 765 767 768 769 744 773 774 744 759 759 765 744 744 746 748 752 744 754 755 756 757 758 759 761 762 763 764 765 767 768 769 765 773 744 774 744 762 759 759
67 67 67 67
951 1087 1161 1281
1301
469 860 1071
67 67 67 67 776 1177
958
1287
630
1368 1368
10 454 474 1019 1025 1035 1113 454 1157 1266 454 1292 1304 1305 1310 454
1238 1241
731 732 734 940
63
9 27 33 41 43 45 48 52 53 76 27 33 41 43 45 48 52 53 134 134 76 172 178 186 76 286 314 334 351 354 365 314 334 459 314 507 459 560 569 579 314 351 459 560 579 351 560 314 579 883 314 951 560 579 883 1088 1094 1176 883 1216 1217 1222 1234 1260 1283 1355 1360 1362 1389 1425 1389
1140 1425
284 287 288 289 291 293 294 295 296 297 298 299 300 301 302 303 304 306 307 308 310 385 391 392 393 395 396 397 398 399 400 401 402 403 404 405 407 409 410 412 413 414 415 417 418 419 420 421 526 528 529 533 535 537 538 539 540 541 542 545 547 548 551 552 554 555 556 557 558 1342
4
785 1424 1426 1427 1428 1428 1428 1433 1444 1450 1459
717
121
24 91 91 91
915 923 924 915 923 924 1125 1225 1228 1258 1277 1278 1279 1284 1303 1311 1315 1319 1321 1311 1319 1331 1319 1311 1334 1335 1338 1340 1344 1353 1311 1319 1363 1364 1311 1389 1315 1319 1311 1319 1331 1319 1409 1338 1344 1334 1340 1389 1445 1447 1447 1409
1441
59
1286
228 715
1439
775 782 924 924 775 782 1225 1277 1279 1363 1369 1468
0 3 27 33 41 43 45 47 48 52 53 54 63 65 81 27 95 33 41 43 45 48 52 53 115 153 160 81 172 176 178 95 182 186 193 194 198 207 115 216 219 236 258 262 95 182 194 198 207 219 216 236 153 320 160 324 81 262 182 193 198 207 115 368 324 95 387 207 406 153 160 445 446 182 320 193 198 464 468 115 236 219 492 324 207 566 575 582 595 600 153 612 320 160 618 619 621 622 445 182 193 634 198 636 468 642 643 207 646 653 236 219 699 207 746 747 748 749 750 751 752 754 755 756 757 758 760 761 762 763 765 766 768 769 770 773 774 775 780 782 765 612 320 324 618 619 621 622 445 446 634 575 468 642 643 646 582 595 600 612 324 618 619 621 622 445 446 699 634 921 468 642 643 646 949 575 582 595 600 1014 746 747 699 748 749 750 751 752 754 755 756 757 1039 758 1044 760 761 762 763 765 766 1062 768 769 765 770 773 774 762 775 782 780 1106 1014 699 1039 1044 575 1062 1156 600 582 595 1177 1014 1039 1044 575 595 1227 600 1249 1251 1253 1255 582 1263 699 1288 1014 1288 1014 1413
196 203
514 530 536 553
1360
754 754
131
26 32 873 874
17 17
61
6
776
66 66 191 66 66 509 191 512 516 519 520 522 524 550 516 576 590 593 601 576 684 685 936 941 942 980
59 125 172 206 606 1230 1298 1457
733
185 896
68 80 83 68 80 83 80 83 68 68
32 72 82 88 103 106 112 154 156 164 165 185 187 188 200 214 223 225 230 231 238 246 156 164 165 164 165 338 367 156 164 165 367 156 164 165 611 338 367 697 338 797 338 809 810 812 823 824 827 833 849 367 860 867 869 871 875 886 890 891 896 907 912 919 940 891 697 907 1000 1025 1071 1090 1100 1103 1113 1114 1161 1186 1114 1189 1191 1193 1199 1212 1213 1223 1281 1283 1285 1287 1290 1291 1292 1304 1308 1355 1369 1370 1371 1378 1384 1387 1391 1308 1398 1429 1433 1434 809 1438 1440 1444 1448 1449 1459 1467 1468
1140
1080
640 640
1365
14 23 66 67 68 80 83 97 98 110 115 132 144 66 67 68 152 158 160 164 80 83 176 182 97 98 186 192 193 198 198 201 202 110 115 210 225 225 66 67 152 158 164 80 83 258 182 98 192 198 198 68 160 164 324 329 336 338 182 97 329 192 193 348 350 351 329 198 198 355 110 115 364 367 66 68 324 67 152 158 160 164 329 442 445 446 182 329 193 457 329 198 198 465 467 468 115 472 476 477 367 485 152 164 324 192 561 566 579 596 477 476 160 622 445 338 182 193 351 198 198 468 643 646 649 650 651 152 329 329 329 367 152 561 338 699 192 703 706 579 709 710 477 712 476 716 718 720 351 738 738 741 760 763 765 767 775 778 780 765 784 561 324 622 445 446 338 457 818 468 643 833 579 646 472 840 842 367 856 859 861 866 561 324 622 445 446 699 920 921 924 468 643 934 646 946 477 956 778 561 934 984 579 987 996 778 1010 699 457 1043 760 924 763 765 767 934 472 765 1088 775 780 784 561 1118 699 1043 934 1154 1170 1176 956 1196 1198 1204 1198 1219 1225 1227 1231 1235 1242 1243 1251 1252 1253 1257 1265 699 1043 1277 1279 1283 1297 1309 1317 1342 1351 1355 1357 1358 1361 1363 1366 1309 1390 1358 1435 1456 1465
1 88 261 793 797 793 890 915 918 923 924 930 918 930 793 915 923 924 1124 1125 918 1140 930 1185 1191 1194 1213 1301 1467
913 913 913
1 789 1014 1014 1014 1014 1014
22 24 47 54 84 100 116 121 124 153 84 187 100 194 196 200 116 223 229 231 237 237 84 262 264 272 100 194 283 288 295 306 153 262 338 354 359 116 272 387 392 399 414 421 153 461 464 473 484 487 493 509 516 533 540 556 272 570 516 588 153 618 338 632 645 338 272 736 740 749 618 338 632 570 588 618 903 632 912 936 941 942 903 570 980 588 903 749 1044 1044 570 588 1044 570 588 1242 1293 1300 1317 1348 1349 1352 1293 1300 1381 1352 1348 1452
926
752 752
1035
926
0 3 27 27 568 570 572 575 577 578 582 583 584 585 587 588 589 591 594 595 597 599 600 602 605 686 568 570 572 575 577 578 582 583 594 591 584 599 595 587 588 602 585 600 605 589 597 568 570 572 575 577 578 582 595 587 588 600 583 585 594 602 591 599 605 589 584 597 568 570 572 575 577 578 588 600 582 583 584 585 594 595 591 599 605 589 602 587 597 568 570 572 575 577 578 584 595 600 583 594 587 588 589 591 585 599 605 597 582 602
23 28 29 34 40 42 44 47 49 51 56 60 62 210 262 286 262 388 507 1389 1409 1389 1409
101 106 118 120 123 125 126 127 128 130 133 135 136 137 139 140 141 142 143 235 858
0 1 2 3 6 10 11 12 13 14 15 16 17 18 13 17 21 22 23 24 18 26 27 28 29 30 31 32 33 34 35 36 37 38 39 40 41 42 43 44 45 46 47 48 49 50 51 52 53 54 55 55 56 57 58 59 60 61 62 63 65 66 67 68 69 70 71 72 73 74 75 76 77 78 79 80 81 82 83 84 85 86 87 88 88 89 90 91 92 27 94 95 96 97 98 33 100 102 103 41 43 106 45 108 109 110 48 112 52 53 115 116 117 119 120 122 123 124 128 129 131 132 133 142 144 145 66 67 148 68 70 151 152 153 154 155 156 157 158 159 160 76 78 79 164 165 80 81 83 84 85 86 172 87 90 91 176 92 178 94 95 96 182 97 98 185 186 187 188 100 190 190 191 192 193 194 194 195 102 198 199 200 201 202 204 110 206 207 207 208 115 211 211 211 214 116 216 216 211 218 219 220 221 222 223 211 225 226 227 228 229 230 231 208 208 234 236 237 238 145 66 67 148 70 151 152 246 156 158 76 78 79 164 165 80 83 84 85 258 86 87 261 262 262 90 91 92 94 95 96 182 98 272 100 192 275 276 194 194 102 198 280 207 207 282 283 284 219 286 287 288 289 290 291 216 216 293 294 295 296 297 298 299 300 301 302 303 304 236 306 307 308 310 148 68 151 314 315 316 153 155 319 320 160 322 164 324 319 165 327 81 329 330 331 262 262 333 334 335 336 337 337 338 182 97 341 342 329 344 192 193 275 348 349 350 351 329 198 355 356 280 110 359 207 207 361 115 363 364 365 116 367 368 369 369 371 335 145 66 68 70 151 316 156 79 324 383 95 385 272 387 387 388 388 207 207 390 391 392 393 394 395 396 397 398 399 400 401 402 403 404 405 406 407 408 409 410 411 412 413 414 415 416 416 417 418 419 420 421 145 67 314 152 153 158 319 160 322 164 319 165 327 329 383 330 439 331 319 442 319 334 445 446 335 337 337 182 450 329 320 453 454 193 349 457 329 459 460 461 198 463 464 465 466 467 468 469 115 471 472 473 474 369 476 477 478 367 236 369 482 219 484 485 486 487 488 369 490 491 492 493 494 335 145 151 314 316 152 156 79 164 324 165 507 508 509 191 192 512 459 514 515 516 109 207 207 519 520 521 522 523 524 525 526 408 528 529 530 531 532 533 369 535 536 537 538 539 540 541 542 369 544 545 546 547 548 549 550 551 552 553 554 555 556 557 558 145 561 562 450 344 566 272 568 569 570 571 572 516 574 575 576 577 578 580 117 582 583 584 585 371 587 588 589 590 591 488 593 594 595 597 598 599 600 601 602 603 477 605 606 476 608 314 153 611 612 614 320 160 617 618 619 620 621 622 445 624 337 337 338 182 628 628 508 630 193 632 632 351 634 198 636 515 638 109 640 640 468 642 643 207 207 645 646 471 648 649 650 651 652 653 654 655 656 408 658 659 544 145 152 319 322 319 327 329 330 331 670 319 672 319 335 675 508 329 349 329 459 638 576 684 685 686 369 236 369 219 367 151 152 561 696 697 338 699 450 272 192 515 571 708 710 477 476 714 715 716 717 718 544 720 145 316 79 508 351 638 109 207 207 708 730 733 544 736 737 738 739 740 741 737 743 744 744 746 747 748 749 750 751 752 744 754 755 756 757 758 759 760 761 762 763 764 765 766 767 768 769 770 744 772 773 774 775 744 778 759 780 759 782 765 784 785 608 314 789 561 696 612 793 320 322 562 797 798 324 618 801 619 620 621 622 445 446 338 809 810 812 568 457 632 632 634 460 818 570 571 572 466 823 824 575 468 827 642 643 830 577 578 833 646 471 472 838 839 841 582 583 594 408 847 591 849 584 851 599 853 854 367 598 858 859 860 861 595 587 588 602 866 867 868 869 585 871 600 873 874 875 605 877 878 589 597 881 145 883 608 314 886 561 612 793 890 891 324 894 618 896 619 620 621 622 445 446 628 628 699 450 907 908 909 910 632 632 912 913 634 915 916 917 918 919 920 921 917 923 924 468 926 642 643 917 930 931 917 935 936 938 646 940 941 942 943 521 523 946 947 477 949 950 951 952 953 953 954 482 956 957 958 778 316 561 891 697 562 894 967 969 907 908 568 973 918 570 571 572 575 577 980 578 930 582 595 587 588 600 598 369 369 583 585 594 1000 602 369 591 599 605 589 778 584 597 883 793 894 1014 744 744 746 1019 747 699 748 749 750 1025 751 752 744 910 754 755 756 757 457 1035 1036 913 1038 1039 460 758 915 1043 1044 759 917 1047 760 1049 917 761 466 923 924 762 1056 763 764 917 765 766 1062 917 767 1065 768 471 1070 1071 472 769 1074 765 770 1077 1078 773 1080 1081 744 1083 774 772 744 1087 1088 369 1090 762 759 775 1094 782 780 369 1098 1099 1100 369 1102 1103 759 1105 1106 784 11 1109 608 561 672 1113 1114 894 1014 967 1118 1119 620 699 908 910 1124 1125 454 568 913 1038 1039 1043 1044 973 916 917 918 570 917 571 1140 572 1056 575 1144 917 577 578 930 931 1062 917 1154 1070 1156 1157 117 588 600 1161 582 583 584 585 594 595 598 1169 1170 591 599 605 589 602 1176 1177 587 597 956 1181 1182 883 608 1185 1186 1114 894 1189 1014 1191 967 1193 1194 620 1196 1197 1198 1199 969 1201 1202 1203 1204 568 1038 1039 1044 1209 973 1198 1212 1213 570 572 1216 1217 575 1219 577 578 1222 1223 584 1225 595 1227 1228 600 1230 1231 583 594 1234 1235 587 588 1238 589 868 1241 1242 1243 591 1245 585 599 605 1249 597 1251 1252 1253 1254 1255 582 1257 1258 598 1260 602 1262 1263 894 1265 1266 969 1268 699 908 910 454 1038 1043 916 1276 1277 1278 1279 1280 1281 1182 1283 1284 1285 1286 1287 1288 1014 1290 1291 1292 1293 1294 1295 1296 1297 1298 1299 1300 1301 910 1303 1304 1305 1306 1307 1308 1309 1310 1311 916 917 1314 1315 917 1317 917 1319 917 1321 1311 1323 1324 1325 1326 1319 1328 1329 1330 1331 1319 1311 1334 1335 1336 1337 1338 1339 1340 1341 1342 1343 1344 1345 1346 1347 1348 1349 1350 1351 1352 1353 1311 1319 1357 1358 1359 1361 1362 1363 1364 1365 1366 1367 1368 1369 1370 1371 1288 1373 1014 1293 1294 1296 1378 1300 454 1381 1306 1307 1384 1309 1311 1387 916 1389 1390 1391 1315 1308 1394 1319 1396 1311 1398 1399 1400 1325 1319 1352 1331 1319 1406 1368 1345 1409 1338 1328 1343 1413 1344 1334 1346 1358 1348 1419 1420 1421 1340 1423 1424 1425 1426 1427 1428 1429 1428 1373 1428 1433 1434 1435 809 1437 1438 1439 1440 1441 1442 1389 1444 1445 1446 1447 1448 1449 1450 1453 1454 1456 1457 1458 1459 1447 1461 1461 1463 1409 1466 1467 1468 1469
58
744 744 744 759 764 744 744 759 759 744 744 744 759 764 744 744 759 759
736 740 741 778 830 859 903 934 937 778 903 973 934 937 778 903 934 937 1083 973 934 937 1181 973 1235 1254 1285 1361 1439 1441
1399
1070 1070
188 1324 1369 1398 1399 1400 1438 1467 1468
188 1324 1369 1398 1399 1400 1438 1467 1468
81 81 216 216 81 335 337 349 335 335 337 349 459 335 459 544 561 594 621 337 634 636 655 544 335 349 459 561 714 544 544 748 750 756 761 561 798 621 634 594 561 621 634 561 594 748 750 756 1039 761 561 1039 594 1039 594 1337 1419
33 37 51 56 87 33 152 87 152 87 284 294 297 388 403 415 416 417 419 152 152 508 538 541 555 568 508 152 508 152 508 568 921 568 568 568
9 79 79 79 319 319 327 329 330 331 335 329 349 329 335 79 319 319 327 329 330 331 319 319 335 329 349 457 329 460 466 471 472 335 79 561 562 569 471 319 319 327 329 330 331 319 319 335 329 349 329 561 79 736 741 744 744 746 747 748 749 750 751 752 744 754 755 756 757 758 759 760 761 762 763 764 765 766 767 768 769 770 744 773 774 775 744 759 780 759 782 765 561 793 562 457 460 466 830 471 472 838 839 878 881 561 793 894 908 913 931 561 562 894 969 908 793 894 744 744 746 747 748 749 750 751 752 744 754 755 756 757 457 913 1038 460 758 1043 759 760 761 466 762 763 764 765 766 767 768 471 472 769 765 770 773 744 774 744 762 759 775 782 780 759 561 894 908 913 1038 1043 931 1170 894 1196 1197 1198 969 1201 1202 1203 1204 1038 1209 1198 1219 1230 1231 1257 894 1265 969 908 1038 1043 1314 1361 1438 1442 1446 1456 1467
134 494 1201
365
73 77 82 214 246 886 896 912 1223 1370 1371 1384 1391 1429 1434 1448 1449
7
59
286 388 507
1081
199 262 262 387
8 64
953
1196 1197 1198 1201 1202 1203 1204 1209 1198 1219 1231 1257
220
64
926
61 234 394 715 1406
648 1103
1144
1448
71 1119
598 598 598 598 598
178 223 275 342 275 460 617 766 774 460 854 1038 460 766 774 1094 1038 1182 1193 1038 1228 1266 1038 1278 1182 1292 1303 1310 1334 1344 1350 1344 1334 1423 1445
1413
225 341 743
363 514 523 523 1118
6 130 139 210
101 118 120 123 125 126 127 128 130 133 135 136 137 140 141 143 235
134
1369 1398 1468
109 117 453 490 494 508 515 109 544 563 117 508 515 638 109 655 658 544 563 508 638 515 708 710 714 716 718 544 720 508 638 109 708 544 563 861 866 947 953 117
214
103 156 164 165 227 156 164 165 164 165 336 156 164 165 156 164 165 833 1106 1342 1366 1373 1424 1427 1428 1428 1373 1428 1433 1437 1444 1459
199
6 57 61 65 120 140 453 490 494 1406 1458
810 833 1451 1453 1455 1465
761 761
730 793 883 793 883 793 883
1365
14 16 22 23 24 28 29 30 34 35 36 37 38 39 40 44 46 47 49 50 51 54 56 59 60 122 618 619 621 642 752 618 619 621 642 618 619 621 642 752 1043 1118 1043 1156 1043 1295 1297 1297 1466
334 334 937 937 937 937 1442
459 459 459
79 79 194 216 79 272 194 216 322 79 272 387 322 79 272 322 272 79 322 1457 1458 1461 1461
361
351 351 351
7 190 446 587 446 587 446 587 587 587
15
1227 1243 1245 1249 1251 1252 1253 1255 1262 1263 1330 1351 1357 1359 1420 1421 1423
58 65 120 139 220 424 1014 1039 1044 1014 1039 1044 1014 1039 1044 1288 1014 1288 1014
148 155 204 148 148 155 361 614 617 670 672 675 891 907 891 907 1036 1065 1074 1081 1105 672 1114 1144 1154 1169 1186 1114 1189 1193 1199 1212
776
36 42 46 47 49 50 54 56 60 62
46 768 768 1341
1369 1398 1468
121 138
61 118 123 128 133 135 137 140 235
1228 1303
136
1088 1176 1283 1355
1440
341
152 230 152 319 322 319 335 335 380 152 319 322 319 319 319 335 488 335 152 380 532 591 488 380 152 319 322 319 319 319 335 152 322 591 380 969 591 591 1177 969 591 969 1328 1348 1328 1348 1441
1223
740 859
315 912
220
234
1326 1394
228 608 670 608 608 608 608 1439
1360
1394
894 894 894 1106 894 894 894 1314
8
740 778 859 903 934 937 778 903 973 934 937 778 903 934 937 973 934 937 973
1170
101 125 126 128 130 140 142 143
908 908 908 908
220
14 16 22 23 24 28 29 30 34 35 36 37 38 39 40 42 44 46 47 49 50 51 54 56 59 60 62 66 70 74 76 78 84 85 86 87 90 91 92 94 96 97 100 102 110 66 70 76 78 84 85 86 87 90 91 92 94 96 97 100 102 110 66 70 76 78 84 85 258 86 87 90 91 92 94 96 100 102 286 309 314 324 97 351 110 66 70 324 314 459 314 324 507 459 608 314 351 459 696 351 736 738 740 741 744 744 746 747 749 750 751 744 754 755 756 757 758 759 760 761 762 763 764 765 766 767 768 769 770 744 773 774 775 744 778 759 780 759 782 765 608 314 696 324 830 859 608 314 886 324 908 778 908 778 744 744 746 747 749 750 751 744 754 755 756 757 1038 758 759 760 761 762 763 764 765 766 767 768 769 765 770 773 744 774 744 762 759 775 782 780 759 608 908 1038 608 1198 1202 1203 1038 1198 1216 1217 1219 1222 1234 1235 1254 1260 908 1038 1287 1341 1370 1371 1384 1391 1429 1434 1439 1441
218 221 222 226 416 525 531 1268
68 69 73 77 95 68 95 95 68 322 68 95 322 439 611 322 789 322 967 967 967 1223
1109
31 55
1196 1197 1201 1209 1231 1257
191 316 363 316 406 316 509 191 512 516 519 520 522 524 550 516 576 590 593 601 653 576 684 685 686 316 913 920 936 938 941 942 946 949 952 954 316 980 913 1038 913 1038 1182 1038 1038 1182
463
1458
0 584 584 584 584 584 1336
139 457 460 466 471 472 471 457 460 466 471 472 868 931 969 457 460 466 471 472 931 969 1230 868 1265 969 1361 1456
1463
12 13 15 17 18 13 17 21 18 26 32 89 154 185 238 439 611 697 697 1290 1291 1308 1323 1378 1387 1308
142
121 138
630 731 732 734 824 940
1463
264 282 283 354 383 383 461 473 478 484 487 493 519 520 522 524 550 576 590 593 601 576 684 685 1326 1394
1451 1453 1455 1465
1140 1425
10 454 474 1019 1025 1035 1113 454 1157 1266 454 1292 1304 1305 1310 454
1281 1355
227 369 369 369 369 369 369 369 546 580 369 369 369 369 369 369 369 369
121 138
115 160 176 206 115 160 115 160 115 160
129
1102
280 290 280 411 1036 1212
9
798 801 818 854
77 82 1370
65
65
334 334 937 937 937 937 1442
319 319 327 329 330 331 333 335 329 349 329 335 319 319 327 329 330 331 319 319 335 329 349 329 335 319 319 327 329 330 331 319 319 335 329 349 329 923 924 923 924 1311 1321 1311 1331 1311 1334 1340 1344 1353 1311 1363 1364 1311 1311 1331 1344 1334 1340 1445 1447 1447
703 772 784 772 784
185 238
121 138
867 1090
916 916 916 916 916
59 67 127 136 67 158 67 158 320 334 67 158 334 320 612 320 618 619 621 622 624 642 643 612 320 618 619 621 622 642 643 612 618 619 621 622 642 643 1062 1062 1156
190
0 3 66 69 70 81 115 66 70 160 81 182 191 193 198 201 115 66 70 182 198 319 320 160 324 319 327 81 329 330 331 333 335 337 182 329 193 348 349 350 329 198 355 115 364 335 66 70 324 406 319 160 319 327 329 330 331 319 319 446 335 337 182 450 329 320 193 349 329 198 465 467 468 115 476 477 482 488 492 335 324 509 191 512 519 520 522 524 532 550 450 566 576 590 488 593 601 477 476 320 160 624 337 182 193 634 198 636 468 646 649 650 651 319 319 327 329 330 331 319 319 335 329 349 329 576 684 685 450 477 476 737 739 737 320 324 446 634 468 646 853 324 446 450 634 921 468 646 477 949 952 482 1118 1177 1182 1280 1182 1293 1294 1296 1298 1299 1300 1306 1307 1309 1325 1328 1329 1336 1337 1339 1343 1345 1346 1348 1349 1352 1358 1366 1373 1293 1294 1296 1300 1381 1306 1307 1309 1390 1325 1352 1345 1328 1343 1346 1358 1348 1419 1373 1437
134 1047 1070 1070
210
1349
234
0 3 27 33 41 43 45 48 52 53 81 27 33 41 43 45 48 52 53 121 138 153 160 81 182 193 198 219 236 182 198 219 236 153 320 160 324 81 182 193 198 368 324 153 160 445 182 320 193 198 464 236 219 324 153 612 320 160 618 619 621 622 445 624 182 193 198 636 642 643 236 219 699 746 747 748 749 750 751 752 754 755 756 757 758 760 761 762 763 765 766 767 768 769 770 773 774 775 780 782 765 612 320 324 618 619 621 622 445 642 643 612 324 618 619 621 622 445 699 642 643 1014 746 747 699 748 749 750 751 752 754 755 756 757 1039 758 1044 760 761 762 763 765 766 1062 767 768 769 765 770 773 774 762 775 782 780 1014 699 1039 1044 1062 1156 1014 1039 1044 699 1288 1014 1288 1014
185 238
3 48 96 98 48 96 98 96 98 492 599 599 599 599 599
196 203 776
478 484 493 1331 1340 1331 1409 1340 1409
1290 1399
88 1047 1070 1070 1394
284 287 288 289 291 293 294 295 296 297 298 299 300 301 302 303 304 306 307 308 310 385 391 392 393 395 396 397 398 399 400 401 402 403 404 405 407 409 410 412 413 414 415 417 418 419 420 421 526 528 529 533 535 537 538 539 540 541 542 545 547 548 551 552 554 555 556 557 558 1342
532
69 81 153 81 172 178 182 186 193 195 198 201 182 198 153 320 324 81 334 337 182 193 348 350 198 355 364 368 324 153 334 445 446 337 182 320 193 198 464 465 467 468 324 153 320 445 624 337 182 193 634 198 636 468 646 649 650 651 789 320 324 445 446 634 468 646 324 445 446 634 921 468 646
69 81 81 172 178 182 186 193 195 198 201 182 198 320 324 81 337 182 193 348 350 198 355 364 368 324 445 446 337 182 320 193 198 464 465 467 468 324 320 445 624 337 182 193 634 198 636 468 646 650 651 789 320 324 445 446 634 468 646 324 445 446 634 921 468 646
61 63 119
157
617
52 52 575 596 596 638 638 706 706 709 709 712 712 638 575 840 840 842 842 856 856 953 575 984 984 987 987 996 996 1010 1010 575 575
120 128
871
717
809 1276 809
124 187 187 200 202 229 319 319 327 333 363 380 406 319 319 327 319 319 380 591 380 319 319 327 319 319 757 758 591 380 930 938 967 930 591 757 758 1094 967 930 1156 591 967 1197 1201 1203 591 1299 1328 1331 1340 1345 1373 1331 1345 1409 1328 1340 1373 1437 1456 1461 1461 1409
109 133 182 182 289 291 303 182 368 395 397 413 418 182 477 478 109 535 537 554 572 576 585 590 593 601 477 182 109 642 646 658 576 477 109 746 572 642 646 585 642 646 477 572 585 746 572 585 572 585 1296 1329 1346 1296 1346
16 40 178 731 732 734 801 854 878 881 931 969 1109 931 969 969 1451
1360
196 196 203 203
119
1125 1445
1391 1449
491 875
262 280 262 280 387 424 686
238
13 15 13 21 851 1098
238
11 72 159 315 561 561 561 851 561 561 1019 1098 11 561 1154 1169 1304 1425
1301
1442
218 222 525 531 563 655 658 563 563 947 953 1140 1238 1241
228 301 304 310 385 400 402 410 526 539 547
1469
106
1369 1398 1468
154 696 697 736 741 696 830 890 697 1071 1090 1125 1196 1197 1198 1201 1202 1203 1204 1209 1198 1219 1231 1257 1303 1314 1335 1378 1429 1435 1445 1447 1447
394 715 1406
152 164 165 152 164 165 264 280 282 283 290 290 164 165 338 280 368 383 411 411 416 152 164 165 383 461 464 152 164 165 553 561 562 338 628 632 152 152 561 338 703 736 741 776 561 562 338 632 830 561 628 632 561 562 967 561 967 967 1295 1297 1433 1444 1466
34 39
561 562 561 696 561 696 562 561 561 562 561 1118
261 797 809 919 1056 1124 1056 1185 1191 1194 1213 1276 1347 1350 1367 809
5 7
512 600 600 954 600 600 600 1362
74 75 218 221 222 226 525 531 580 851 873 874 890
73 74 88 190 207 227 246 207 207 369 369 207 459 369 369 369 459 207 369 369 207 459 369 369 207 894 896 912 915 951 894 369 369 1000 369 894 915 1077 1088 369 369 369 1106 894 1125 1140 1170 1176 894 1194 1213 1223 894 1283 1314 1341 1355 1425 1438 1457 1461 1461
124 132 144 187 200 202 223 225 229 230 231 237
1000 1077
919 1056 1056
1468
148 155 204 148 148 155 361 614 617 670 672 675 891 907 891 907 1036 1065 1074 1081 1105 672 1114 1144 1154 1169 1186 1114 1189 1193 1199 1212
608 612 618 619 620 621 622 642 643 608 612 618 619 620 621 622 642 643 608 612 618 619 620 621 622 910 642 643 1014 910 1039 1044 1062 608 1014 620 910 1039 1044 1062 1156 608 1014 620 1039 1044 910 1288 1014 910 1288 1014
1435
1324 1399 1400
853
869
730
841
206 316 356 316 383 383 463 316 560 624 628 684 560 316 560 838 839 841 628 560 316 1325 1325 1444
4 61 74 101 118 121 125 126 127 135 136 137 138 140 141 143 235 280 290 319 324 319 327 329 330 331 333 335 329 344 349 329 280 361 371 335 324 411 319 319 327 329 330 331 319 319 335 329 349 329 469 486 491 335 324 514 521 523 530 536 549 553 344 574 580 371 648 654 659 319 319 327 329 330 331 319 319 335 329 349 329 798 324 801 812 818 823 827 838 839 847 849 854 858 860 867 869 871 875 877 878 881 890 324 894 908 913 918 926 930 935 943 521 523 950 894 908 973 918 930 894 913 1038 1043 1071 1090 1100 1103 894 908 913 1038 1043 973 918 930 1182 894 1038 973 894 908 1038 1043 1182 1314
1 31 55 88
73 77 82 214 246 886 896 912 1223 1370 1371 1384 1391 1429 1434 1448 1449
290 341 342 356 359 363 442 507
1446 1454
227 333 369 369 369 369 369 369 369 546 369 369 369 369 369 369 369 369
1452 1469
717
568 570 572 575 577 578 582 583 584 585 587 588 589 591 594 595 597 598 599 600 602 605 568 570 572 575 577 578 582 583 594 591 584 599 598 595 587 588 602 585 600 605 589 597 969 568 570 572 575 577 578 582 595 587 588 600 598 583 585 594 602 591 599 605 589 584 597 568 570 572 575 577 578 588 600 582 583 584 585 594 595 598 591 599 605 589 602 587 597 969 568 570 572 575 577 578 584 595 600 1230 583 594 587 588 589 591 585 599 605 597 582 598 602 969 1343 1346 1361 1343 1346
176 494 1087 1176 1181 1466
122
50 60
129 958
1463
608 612 618 619 620 621 622 642 643 608 612 618 619 620 621 622 642 643 608 612 618 619 620 621 622 910 642 643 1014 910 1039 1044 1062 608 1014 620 910 1039 1044 1062 1156 608 1014 620 1039 1044 910 1288 1014 910 1288 1014
4
283 327 349 354 327 349 461 473 484 487 493 509 598 632 645 327 349 632 598 632 941 598 598 598 1307 1337 1381 1307 1437 1452
79 79 79 79 79 79
27 41 86 27 41 86 86 589 589 589 589 589
289 291 303 395 397 413 418 535 537 554 572 572 572 572 572 1360
77 82
125 127 309 789 1014 1039 1044 1014 1039 1044 1014 1039 1044 1288 1014 1288 1014
138
191 408 463 509 191 512 515 516 519 520 522 524 408 550 571 516 576 590 593 601 515 645 408 576 684 685 515 571 710 714 716 718 720 571 841 408 861 866 909 936 941 942 571 980 1049 571
1 2 10 11 12 13 15 17 18 13 17 21 18 26 31 55 58 71 73 74 75 77 88 89 109 117 122 131 148 148 155 155 157 159 195 218 221 222 226 148 148 261 261 276 148 148 315 316 155 155 316 439 469 486 491 316 508 109 525 531 544 580 117 614 614 617 617 508 630 638 109 648 654 659 544 670 672 672 675 675 508 638 708 544 316 508 638 109 708 544 739 785 851 853 873 874 920 926 952 316 1019 1035 1036 1036 1056 1056 1074 1078 1080 1081 1098 1102 11 1109 672 672 1119 1124 1124 1140 1056 1056 117 1185 1185 1194 1194 1262 1276 1276 1301 1305 1305 1310 1323 1324 1351 1359 1399 1400 1424 1425 1426 1427 1428 1428 1428 1450
121
65 234 282 283 367 367 367 367 951 1235 1254 1341
101 120 126 136 141 142 143
748 748
484 493
196 203
8 109 117 191 316 354 316 406 450 476 477 482 485 488 492 316 508 509 191 512 516 109 544 450 566 516 576 117 488 477 606 476 508 638 109 652 652 655 656 658 544 508 638 576 684 686 450 708 710 477 476 714 716 718 544 316 508 638 109 708 544 737 737 838 839 878 881 450 920 477 949 482 956 316 117 956 1227 1249 1251 1253 1255 1263
264 703
319 319 327 329 330 331 333 335 329 349 329 335 319 319 327 329 330 331 319 319 335 329 349 329 335 319 319 327 329 330 331 319 319 335 329 349 329
158 158 158
121 138
1459
915 923 924 915 923 924 1125 1225 1228 1258 1277 1278 1279 1284 1303 1311 1315 1319 1321 1311 1319 1331 1319 1311 1334 1335 1338 1340 1344 1353 1311 1319 1363 1364 1311 1389 1315 1319 1311 1319 1331 1319 1409 1338 1344 1334 1340 1441 1389 1445 1447 1447 1409
145 152 145 152 145 145 152 145 152 145 145 152 152 145 145
562 569 562 562
261 797 809 919 1056 1124 1056 1276 1347 1350 1367 809 1446 1454
5 7 154 246 1078 1387
1452 1469
827
1433
1185 1191 1194 1213
196 203
1424 1426 1427 1428 1428 1428 1433 1444 1450 1459
1413
8 176 484 493 494 569 1106 1238 1241 1280
124 132 144 187 200 202 223 225 229 230 231 237
1296 1296
640
221 226
597 597 597 597 597
68 80 83 68 80 83 80 83 68 68 1258 1335 1347
238
5 7
1371
424
172 612 619 612 619 612 619
11 71 72 157 159 276 315 1078 1080 1098 1102 11 1109 1119 1287
108 116 153 190 191 194 199 116 230 231 237 262 272 194 153 322 331 262 351 365 116 272 387 153 322 331 466 191 561 272 588 153 618 351 322 331 685 561 272 351 733 736 740 747 751 755 762 769 770 772 778 561 322 618 466 838 839 588 878 881 561 618 903 918 923 926 930 933 949 952 778 561 903 918 930 588 778 903 747 751 755 466 923 762 1062 769 770 772 762 561 918 930 1062 1157 588 1169 1202 1209 588 1245 1249 1255 1258 1262 1263 1284 1293 1317 1326 1330 1335 1347 1353 1293 1389 1421 1439 1441 1389 1455 1456
338 367 367 338 367 338 338 367
4 14 16 22 24 30 33 35 36 37 38 39 41 43 45 46 48 50 52 53 54 59 33 41 43 45 48 52 53 219 236 219 236 450 476 236 482 219 488 492 450 566 488 476 236 219 450 476 450 482 1293 1294 1298 1299 1306 1307 1339 1358 1293 1294 1306 1307 1358 1419
486
736 740 741 830 859 1235 1254 1341 1400
286 507
1329
148 148 148 891 891
1083 1181 1285
969 969 1230 969 1361
70 78 84 85 86 87 90 91 92 94 96 100 102 70 78 84 85 86 87 90 91 92 94 96 100 102 70 78 84 85 86 87 90 91 92 94 96 100 102 70
2
1367
109 117 216 216 316 316 406 408 316 508 515 109 408 544 117 508 515 638 109 652 653 656 408 544 508 638 515 708 710 714 716 718 544 720 316 508 638 109 708 544 408 861 866 920 938 946 949 952 954 316 117 1182 1227 1243 1245 1249 1251 1252 1253 1255 1262 1263 1182 1330 1351 1357 1359 1420 1421 1423
67 67 67 344 67 514 521 523 530 536 549 553 344 574 847 858 877 935 943 521 523 950
29 35 62 566 686 1339 1341
642 642 642 1294 1296 1346 1294 1296 1346
776
59 119 351 562 351 653 351 778 562 947 778 562 778 1317
90 90 90 602 602 602 602 602
66 79 83 66 79 83 66 79 83 258 282 283 322 342 356 359 365 66 79 322 442 450 459 476 477 482 485 488 492 79 459 532 450 566 572 577 578 583 589 488 597 598 602 477 606 476 655 322 459 450 477 476 79 322 572 577 578 583 598 602 589 597 450 477 953 482 572 577 578 598 583 602 589 597 572 577 578 583 598 589 602 597 572 577 578 583 589 597 598 602 1268 1293 1298 1299 1300 1306 1339 1343 1345 1352 1358 1366 1368 1373 1293 1300 1306 1352 1368 1345 1343 1358 1373 1437
1295 1297 1466
776
1350
1186 1193 1212 1456
220
42 62 652
8 119
1360
61 63 65 72 76 78 84 85 86 87 90 91 92 94 96 100 102 119 124 132 134 144 76 78 84 85 86 87 90 91 92 94 96 185 187 188 100 194 102 200 202 207 214 216 220 223 225 227 229 230 231 237 238 76 78 84 85 258 86 87 90 91 92 94 96 100 194 102 207 282 283 216 207 369 369 207 408 424 459 369 369 369 459 207 408 369 369 563 207 408 563 459 369 369 207 793 563 408 793 918 930 936 942 951 918 980 930 369 369 1000 369 793 1077 1088 369 369 369 918 930 1170 1176 1283 1341 1355 1398 1400 1425 1457 1458 1461 1461
532 1296 1296
63 1265 1360
2 4 8 9 27 33 41 43 45 48 52 53 57 65 27 33 41 43 45 109 48 52 53 117 119 124 132 144 187 199 200 202 219 223 225 229 230 231 231 236 237 275 219 286 236 316 342 275 356 359 363 316 388 406 411 416 450 453 476 477 236 482 219 485 488 490 492 494 316 507 508 109 532 544 450 566 574 117 488 477 606 476 508 638 109 655 658 544 508 638 686 236 219 699 450 708 710 477 476 714 544 316 508 638 109 708 731 732 734 544 737 738 737 743 746 747 748 749 750 751 752 754 755 756 757 758 760 761 762 763 765 766 767 768 769 770 773 774 775 778 780 782 765 798 801 818 838 839 854 868 878 881 699 450 918 920 930 933 938 946 947 477 949 952 954 482 956 957 778 316 973 918 930 778 746 1019 747 699 748 749 750 751 752 754 755 756 757 758 760 761 762 763 765 766 767 768 769 765 770 773 774 762 775 782 780 699 973 918 930 117 956 1182 973 1227 868 1243 1245 1249 1251 1252 1253 1255 1262 1263 699 1182 1293 1294 1296 1298 1299 1300 1306 1307 1309 1325 1328 1329 1330 1336 1337 1339 1342 1343 1345 1346 1348 1349 1351 1352 1357 1358 1359 1366 1373 1293 1294 1296 1300 1381 1306 1307 1309 1390 1325 1352 1345 1328 1343 1346 1358 1348 1419 1420 1421 1423 1373 1437
42
1343 1346 1343 1346
1144 1154 1169
137 546
12 13 15 17 18 13 17 21 18 26 32 89 154 185 238 439 611 697 697 1290 1291 1308 1323 1378 1387 1308
654 659
1238 1241
1099
562 569 562 562
9
640
6 10 58 103 106 108 112 122 129 131 151 204 208 211 211 211 211 220 211 227 208 208 151 272 280 282 283 284 287 288 289 290 291 293 294 295 296 297 298 299 300 301 302 303 304 306 307 308 310 151 314 319 319 327 329 330 331 333 335 329 344 349 351 329 280 361 369 369 371 335 151 380 383 385 272 391 392 393 395 396 397 398 399 400 401 402 403 404 405 407 408 409 410 412 413 414 415 417 418 419 420 421 314 319 319 327 329 383 330 331 319 442 319 335 329 454 349 457 329 460 461 466 469 471 472 474 369 369 486 369 491 335 151 314 380 514 515 521 523 526 408 528 529 530 533 369 535 536 537 538 539 540 541 542 369 545 546 547 548 549 551 552 553 554 555 556 557 558 560 344 272 571 579 371 596 603 314 380 614 617 628 630 632 351 515 471 648 654 408 659 319 319 327 329 330 331 670 319 319 335 329 349 329 369 369 560 151 696 272 703 515 571 706 579 709 712 717 351 730 744 744 744 759 764 744 772 744 759 759 784 560 314 696 793 810 812 457 632 460 571 466 823 824 827 833 579 471 472 840 842 408 847 849 853 856 858 860 867 869 871 875 877 883 314 793 380 903 628 908 909 632 913 916 917 917 917 931 917 934 935 937 940 943 521 523 950 958 560 903 969 908 571 934 984 579 937 987 369 369 996 369 1010 883 793 744 744 903 744 457 1035 1036 913 1038 460 759 917 1047 1049 917 466 764 917 917 1065 934 937 471 1070 1071 472 1074 1081 744 772 744 1087 369 1090 759 1094 369 1099 1100 369 1103 759 1105 784 1118 908 454 913 1038 916 917 917 571 917 931 917 934 937 1070 1157 1161 883 1199 969 1038 1216 1217 1222 1225 1228 1230 1234 1235 1238 1241 1254 1258 1260 1265 1266 969 1268 908 454 1038 916 1277 1278 1279 1281 1284 1286 1292 1295 1297 1303 1304 1310 1311 916 917 1315 917 1317 917 1319 917 1321 1311 1319 1319 1311 1335 1338 1341 1347 1350 1311 1319 1361 1364 1365 1367 1368 454 1311 916 1315 1319 1396 1311 1319 1319 1368 1338 1413 1424 1426 1427 1428 1428 1428 1433 1439 1441 1444 1447 1454 1456 1459 1447 1466 1469
9 284 287 288 289 291 293 294 295 296 297 298 299 300 301 302 303 304 306 307 308 310 380 385 391 392 393 395 396 397 398 399 400 401 402 403 404 405 407 409 410 412 413 414 415 417 418 419 420 421 380 526 528 529 533 535 537 538 539 540 541 542 545 547 548 551 552 554 555 556 557 558 571 579 596 380 571 706 579 709 712 571 579 840 842 856 380 571 984 579 987 996 1000 1010 1077 571
1429
3 36 38 44 49 94 96 98 94 96 98 94 96 98 301 304 310 385 400 402 410 446 526 539 547 599 634 636 446 634 599 446 634 599 599 599
26 32 69 73 76 78 80 83 84 85 86 87 89 90 91 92 94 96 97 98 100 102 108 110 116 134 145 151 152 154 76 78 80 83 84 85 86 87 90 91 92 94 96 97 98 100 192 102 204 110 116 145 151 152 76 78 80 83 84 85 86 87 90 91 92 94 96 98 272 100 192 102 151 322 97 192 110 116 145 151 272 145 152 322 457 460 466 145 151 152 192 145 272 614 622 643 145 152 322 672 151 152 272 192 703 145 737 739 737 762 765 765 322 798 622 457 460 466 643 145 886 622 923 924 643 457 1036 460 466 923 924 762 765 765 1083 762 672 1114 1144 1157 1181 1186 1114 1202 1203 1204 1212 1228 1235 1242 1254 1258 1278 1284 1285 1303 1315 1317 1334 1335 1344 1353 1363 1364 1371 1387 1315 1344 1334 1445 1453 1456
1154
117 157 286 363 453 490 494 507 515 530 536 549 553 563 117 515 563 515 563 847 858 943 950 1102 1124 117 1345 1352 1352 1345 1409 1439 1409
188
1457 1458 1461 1461
1406
1307 1307
408 408 408 408
823
208 211 211 211 211 211 208 208
64
798 801 818 854
188 1438
4
234
4 144 187 202 223 231 237
1100
0 34 39 60 92 97 92 97 92 298 300 308 97 407 409 412 420 528 552 557 582 584 582 584 582 584 582 584 584 582 1307 1307
923 924 923 924 1225 1228 1258 1277 1278 1279 1284 1303 1331 1334 1335 1340 1344 1353 1363 1331 1409 1344 1334 1340 1445 1409
1389 1389
2
5 28 30 85 101 117 135 137 138 139 142 152 85 192 203 152 85 258 192 286 287 299 307 192 367 393 404 405 152 445 468 367 152 507 192 545 548 551 577 117 587 445 468 152 367 152 192 445 468 577 367 587 445 468 577 587 577 117 587 577 587
924 924
736 741 830 923 923 1196 1197 1198 1201 1202 1203 1204 1209 1198 1219 1231 1257 1331 1344 1331 1344 1435
131
66 66 191 66 66 509 191 512 516 519 520 522 524 550 516 576 590 593 601 576 684 685 936 941 942 980
1370
958
812
196 203
5
112
630 731 732 734 824 940
22 84 84 84 338 570 338 338 338 570 570 570 570
9
4 6 10 14 16 22 23 24 28 29 30 34 35 36 37 38 39 40 42 44 46 47 49 50 51 54 56 59 60 62 68 80 83 130 139 68 80 83 208 208 208 80 83 282 283 68 314 333 68 383 394 314 383 457 460 461 466 471 472 314 532 561 562 568 569 570 577 584 585 587 588 591 594 599 605 314 628 628 632 632 640 471 561 696 772 778 784 314 561 696 562 809 568 457 632 632 460 570 466 577 471 472 594 591 584 599 587 588 585 605 314 561 628 628 632 632 919 931 778 561 562 969 568 570 577 587 588 585 594 591 599 605 778 584 457 460 1047 466 1056 471 1070 472 772 1094 784 561 1118 568 570 1056 577 931 1070 588 584 585 594 591 599 605 587 1196 1197 969 568 1209 570 1216 1217 577 1222 584 1230 1231 594 1234 587 588 591 585 599 605 1257 1260 1265 969 1276 1286 1341 1361 809 1456 1463
282 478 478 1343 1343
810 833
190 262 280 262 280 365 387
1065 1074 1105
606
0 3 10 27 33 41 43 45 48 52 53 27 33 41 43 45 48 52 53 128 130 133 137 140 141 142 219 236 219 236 236 219 568 570 572 575 577 578 582 583 585 587 588 589 591 594 595 597 598 599 600 602 605 236 219 699 568 570 572 575 577 578 582 583 594 591 599 598 595 587 588 602 585 600 605 589 597 699 568 570 572 575 577 578 582 595 587 588 600 598 583 585 594 602 591 599 605 589 597 699 699 568 570 572 575 577 578 588 600 582 583 585 594 595 598 591 599 605 589 602 587 597 568 570 572 575 577 578 595 600 583 594 587 588 589 591 585 599 605 597 582 598 602 699 1365
390
454 454 454 454
190
75 264 275 276 342 275 354 356 359 383 383 461 463 628 632 645 632 841 628 632 933 936 941 942 980 1324
2 6 8 9 10 11 13 14 15 16 17 18 13 17 21 22 23 24 18 26 27 28 29 30 32 33 34 35 36 37 38 39 40 41 42 43 44 45 46 47 48 49 50 51 52 53 54 56 57 58 59 60 61 62 65 65 66 68 69 70 71 75 76 78 84 85 86 87 90 91 92 27 94 95 96 33 100 102 103 41 43 106 45 109 48 112 52 53 117 119 119 122 124 132 144 66 68 70 153 157 159 76 78 84 85 86 172 87 90 91 92 178 94 95 96 186 187 100 194 195 102 199 200 202 206 220 223 225 229 230 231 237 66 70 76 78 84 85 258 86 87 262 90 91 92 94 95 96 272 100 276 194 102 282 283 284 286 287 288 289 290 291 293 294 295 296 297 298 299 300 301 302 303 304 306 307 308 310 68 315 316 153 319 320 319 327 329 330 331 262 333 334 335 341 342 329 349 329 356 359 363 368 335 66 68 70 316 95 385 272 387 388 391 392 393 395 396 397 398 399 400 401 402 403 404 405 406 407 408 409 410 411 412 413 414 415 416 417 418 419 420 421 153 319 319 327 329 330 331 319 442 319 334 335 450 329 320 453 349 329 464 476 477 482 485 488 490 492 494 335 316 507 508 512 515 109 521 526 408 528 529 532 533 535 537 538 539 540 541 542 544 545 547 548 551 552 554 555 556 557 558 450 566 272 568 570 572 575 577 578 580 117 582 583 584 585 587 588 589 591 488 594 595 597 598 599 600 602 477 605 606 476 608 153 612 320 618 619 620 621 622 624 508 515 638 109 640 642 643 408 544 319 319 327 329 330 331 670 319 319 335 508 329 349 329 638 699 450 272 515 708 710 477 476 714 716 718 544 720 316 508 638 109 708 730 544 743 744 744 746 747 748 749 750 751 752 744 754 755 756 757 758 760 761 762 763 764 765 766 767 768 769 770 744 772 773 774 775 744 780 782 765 784 608 789 612 320 618 619 620 621 622 568 570 572 575 642 643 577 578 582 583 594 408 847 591 584 851 599 598 861 595 587 588 602 866 585 600 873 874 605 589 597 608 612 618 619 620 621 622 699 450 910 918 920 642 643 930 935 938 521 946 947 477 949 951 954 482 956 957 316 568 918 570 572 575 577 578 930 582 595 587 588 600 598 583 585 594 602 591 599 605 589 584 597 744 744 746 747 699 748 749 750 751 752 744 910 754 755 756 757 758 760 1049 761 762 763 764 765 766 1062 767 768 769 765 770 1078 773 1080 744 1083 774 772 744 1087 1088 762 775 782 780 1098 1102 784 11 1109 608 1119 620 699 910 568 918 570 572 575 577 578 930 1062 1156 117 588 600 1161 582 583 584 585 594 595 598 591 599 605 589 602 1176 587 597 956 1181 608 620 568 570 572 575 577 578 584 595 600 583 594 587 588 1238 589 1241 1242 591 585 599 605 597 582 598 602 1268 699 910 1280 1281 1283 1285 1286 1293 1294 1298 1299 1300 910 1306 1307 1309 1325 1328 1329 1336 1337 1339 1342 1343 1346 1348 1349 1355 1358 1366 1373 1293 1294 1300 1381 1306 1307 1309 1390 1396 1325 1406 1328 1343 1346 1358 1348 1419 1425 1373 1437 1455 1457 1461 1461 1463
801 818 912
568 570 572 575 577 578 582 583 584 585 587 588 589 591 594 595 597 598 599 600 602 605 568 570 572 575 577 578 582 583 594 591 584 599 598 595 587 588 602 585 600 605 589 597 568 570 572 575 577 578 582 595 587 588 600 598 583 585 594 602 591 599 605 589 584 597 568 570 572 575 577 578 588 600 582 583 584 585 594 595 598 591 599 605 589 602 587 597 568 570 572 575 577 578 584 595 600 583 594 587 588 589 591 585 599 605 597 582 598 602
1457 1461 1461
849
801 818 931 1113 931 1305
61 65 76 78 80 83 84 85 86 87 90 91 92 94 96 97 98 100 102 110 116 121 124 132 134 138 144 76 78 80 83 84 85 86 87 90 91 92 94 96 97 98 187 100 194 102 200 202 110 207 116 216 218 221 222 223 225 226 229 230 231 237 76 78 80 83 84 85 86 87 90 91 92 94 96 98 100 194 102 207 286 216 314 324 97 341 351 110 207 116 324 388 207 314 459 477 485 314 324 507 459 207 560 477 606 314 351 207 459 560 696 477 351 207 731 732 734 560 314 696 324 883 314 324 909 918 930 477 951 560 918 930 1000 883 1049 1049 1077 1088 1094 918 930 1176 883 1216 1217 1222 1234 1260 1283 1355 1362 1457 1458 1461 1461 1463
6 61 63 139 172 178 186 191 195 275 275 354 509 191 512 516 519 520 522 524 550 516 576 590 593 601 652 656 576 684 685 686
57
408 408 408 408
16 40 320 330 380 330 320 380 562 583 380 320 330 699 708 708 320 562 801 583 380 699 931 947 956 562 583 699 699 931 583 956 583 699
715
736 741 830 1083 1181 1235 1254 1285 1361 1439 1441
8 115 145 176 196 201 203 115 145 258 336 348 350 355 115 364 145 145 465 467 468 115 494 145 145 468 646 649 650 651 658 145 706 709 712 145 731 732 734 737 740 737 746 747 748 749 750 751 752 754 755 756 757 758 760 761 762 763 765 766 767 768 769 770 773 774 775 778 780 782 765 468 646 840 842 856 859 145 921 468 646 947 953 956 956 778 980 984 987 996 778 1010 746 747 748 749 750 751 752 754 755 756 757 758 760 761 762 763 765 766 767 768 769 765 770 773 774 762 775 782 780 1170 1177 956 956 1196 1197 1198 1201 1202 1203 1204 1209 1198 1216 1217 1219 1222 1227 1231 1234 1243 1245 1249 1251 1252 1253 1255 1257 1260 1262 1263 1314 1330 1342 1351 1357 1359 1420 1421 1423 1441
838 839 878 881
100 100 100 464 1044 1044 1044 1381
286 388 411 416
6 65 139 234
319 319 327 329 330 331 333 335 329 349 329 335 319 319 327 329 330 331 319 319 335 329 349 329 335 319 319 327 329 330 331 319 319 335 329 349 329 967 967 967 1279 1291 1311 1321 1311 1311 1334 1340 1353 1311 1363 1364 1311 1311 1334 1340
622 622 622
14 16 22 23 24 28 29 30 34 35 36 37 38 39 40 42 44 46 47 49 50 51 54 56 60 62 72 103 361 445 454 471 472 445 471 670 675 445 471 472 868 445 915 1025 915 471 472 1125 454 1189 1194 1199 1213 868 454 1323 1367 454 1435
810
109 117 216 216 316 316 406 408 316 508 515 109 408 544 117 508 515 638 109 652 653 656 408 544 508 638 515 708 710 714 716 718 544 720 316 508 638 109 708 544 408 861 866 920 938 946 949 952 954 316 117 1182 1227 1243 1245 1249 1251 1252 1253 1255 1262 1263 1182 1330 1351 1357 1359 1420 1421 1423
1043 1043 1043
1384 1434
261 675 715 797 1025 1185 1191 1199
4
70 78 84 85 86 87 90 91 92 94 96 100 102 70 78 84 85 86 87 90 91 92 94 96 100 102 70 78 84 85 86 87 90 91 92 94 96 100 102 70
235
614 1186
13 13
5 7
185 896
13 13 71 132 228 230 234 246 284 287 288 289 291 293 294 295 296 297 298 299 300 301 302 303 304 306 307 308 310 315 354 359 380 383 385 391 392 393 395 396 397 398 399 400 401 402 403 404 405 407 409 410 412 413 414 415 417 418 419 420 421 383 461 380 526 528 529 533 535 537 538 539 540 541 542 545 547 548 551 552 554 555 556 557 558 571 579 580 596 380 628 632 571 706 579 709 712 746 748 754 757 764 769 774 632 571 579 840 841 842 856 873 874 380 628 632 933 571 984 579 987 996 1000 1010 746 748 754 757 764 769 1077 774 571 1219 1223 1225 1265 1279 1287 1291 1308 1321 1325 1328 1338 1347 1370 1378 1384 1390 1308 1325 1338 1328 1434 1448 1454 1458 1463
228 234 442 579 579 751 763 770 773 775 782 579 579 751 763 770 773 775 782 1196 1197 1201 1209 1231 1257
258
733
66 66 66 66
0 3 5 6 7 11 12 59 67 70 75 76 79 80 81 83 89 95 97 98 101 108 109 110 115 116 117 118 123 124 126 127 128 129 131 132 133 134 135 137 139 141 142 143 144 145 67 148 70 151 152 153 154 155 156 158 159 160 76 79 164 165 80 81 83 172 178 95 182 97 98 186 187 190 191 192 193 194 195 196 198 199 200 201 202 203 204 110 207 208 115 211 211 211 116 216 211 219 220 223 211 225 227 228 229 230 231 208 208 234 235 236 237 145 67 148 70 151 152 156 158 76 79 164 165 80 83 258 262 264 95 182 98 272 192 276 194 198 280 207 284 219 287 288 289 290 291 216 293 294 295 296 297 298 299 300 301 302 303 304 236 306 307 308 310 148 151 314 316 153 155 319 320 160 322 164 324 319 165 327 81 329 330 331 262 333 334 335 337 338 182 97 329 344 192 193 348 349 350 351 329 198 354 355 280 110 207 361 115 363 364 365 116 367 369 369 371 335 145 70 151 316 156 380 79 324 383 95 385 272 387 207 391 392 393 394 395 396 397 398 399 400 401 402 403 404 405 406 407 409 410 412 413 414 415 416 417 418 419 420 421 145 67 314 152 153 158 319 160 322 164 319 165 327 329 383 330 439 331 319 319 334 445 446 335 337 182 450 329 320 453 454 193 349 457 329 459 460 461 198 463 465 466 467 468 469 115 471 472 473 474 369 476 478 367 236 369 482 219 484 485 486 487 488 369 490 491 492 493 494 335 145 151 314 316 152 156 380 79 164 324 165 508 509 191 192 512 459 514 515 516 109 207 519 520 521 522 523 524 526 528 529 530 532 533 369 535 536 537 538 539 540 541 542 369 544 545 547 548 549 550 551 552 553 554 555 556 557 558 145 560 561 562 450 344 272 568 569 570 571 572 516 574 575 576 577 578 579 580 117 582 583 584 585 371 587 588 589 590 591 488 593 594 595 596 597 598 599 600 601 602 603 605 606 476 608 314 153 611 612 380 614 320 160 617 618 619 620 621 622 445 624 337 338 182 628 508 630 193 632 351 634 198 636 515 638 109 640 468 642 643 207 645 646 471 648 649 650 651 652 653 653 654 655 656 658 659 544 145 152 319 322 319 327 329 330 331 319 672 319 335 675 508 329 349 329 459 638 576 684 685 686 369 236 369 219 367 560 151 152 561 696 697 338 699 450 272 192 703 515 571 706 579 708 709 710 712 476 714 715 716 717 718 544 720 145 316 79 508 351 638 109 207 708 730 731 732 733 734 544 736 737 738 738 739 740 741 737 743 744 744 746 747 748 749 750 751 752 744 754 755 756 757 758 759 760 761 762 763 764 765 766 767 768 769 770 744 772 773 774 775 776 744 778 759 780 759 782 765 784 608 560 314 789 561 696 612 793 320 322 562 798 324 618 801 619 620 621 622 445 446 338 809 810 812 568 457 632 634 460 818 570 571 572 466 823 824 575 468 827 642 643 830 577 578 833 579 646 471 472 838 839 840 841 842 582 583 594 847 591 849 584 599 853 854 367 856 598 858 859 860 861 595 587 588 602 866 867 868 869 585 871 600 875 605 877 878 589 597 881 145 883 608 314 886 561 612 793 891 380 324 894 618 619 620 621 622 445 446 903 628 699 450 907 908 909 910 632 913 634 916 917 918 919 920 921 917 468 926 642 643 917 930 931 917 933 934 935 936 937 938 646 940 941 942 943 521 523 946 947 949 950 952 953 953 953 954 482 956 957 958 778 560 316 561 891 697 562 894 967 903 969 907 908 568 973 918 570 571 572 575 577 980 578 930 934 984 579 937 987 582 595 587 588 600 598 369 369 996 583 585 594 1000 602 369 591 599 605 589 778 584 597 1010 883 793 894 1014 744 744 903 746 1019 747 699 748 749 750 1025 751 752 744 910 754 755 756 757 457 1035 1036 913 1038 1039 460 758 1043 1044 759 917 1047 760 1049 1049 917 761 466 762 1056 763 764 917 765 766 1062 917 767 1065 934 937 768 471 1070 1071 472 769 1074 765 770 1077 773 1081 744 1083 774 772 744 1087 1088 369 1090 762 759 775 1094 1094 782 780 369 1099 1100 369 1103 759 1105 784 11 1109 608 561 672 1113 1114 894 1014 967 1118 1119 620 699 908 910 454 568 913 1038 1039 1043 1044 973 916 917 918 570 917 571 572 1056 575 1144 917 577 578 930 931 1062 917 934 937 1154 1070 1156 1157 117 588 600 1161 582 583 584 585 594 595 598 1169 1170 591 599 605 589 602 1176 1177 587 597 956 1181 1182 883 608 1186 1114 894 1189 1014 967 1193 620 1196 1197 1198 1199 969 1201 1202 1203 1204 568 1038 1039 1044 1209 973 1198 1212 570 572 1216 1217 575 1219 577 578 1222 584 1225 595 1227 1228 600 1230 1231 583 594 1234 1235 587 588 589 868 1242 1243 591 1245 585 599 605 1249 597 1251 1252 1253 1254 1255 582 1257 1258 598 1260 602 1262 1263 894 1265 1266 969 699 908 910 454 1038 1043 916 1276 1277 1278 1279 1281 1182 1283 1284 1285 1286 1287 1288 1014 1290 1291 1292 1293 1294 1295 1296 1297 1298 1299 1300 910 1303 1304 1305 1306 1307 1308 1309 1310 1311 916 917 1314 1315 917 1317 917 1319 917 1321 1311 1323 1325 1326 1319 1328 1329 1330 1331 1319 1311 1334 1335 1336 1337 1338 1339 1340 1341 1342 1343 1344 1345 1346 1347 1348 1349 1350 1351 1352 1353 1311 1355 1319 1357 1358 1359 1361 1362 1363 1364 1365 1366 1367 1370 1371 1288 1373 1014 1293 1294 1296 1378 1300 454 1381 1306 1307 1384 1309 1311 1387 916 1389 1390 1391 1315 1308 1394 1319 1311 1325 1319 1352 1331 1319 1345 1409 1338 1328 1343 1413 1344 1334 1346 1358 1348 1419 1420 1421 1340 1423 1424 1426 1427 1428 1429 1428 1373 1428 1433 1434 1435 809 1437 1439 1440 1441 1442 1389 1444 1445 1446 1447 1448 1449 1450 1451 1452 1453 1454 1455 1456 1457 1458 1459 1447 1461 1461 1463 1409 1465 1466 1469
6 57 63 101 118 123 126 135 143 172 178 186 195 789 1039 1044 1039 1044 1039 1044 1288 1288
275 275
1369 1398 1468
525 531 1268
838 839 878 881 894 913 918 930 894 973 918 930 894 913 1038 1043 894 913 1038 1043 973 918 930 1182 894 1038 973 894 1038 1043 1182 1314
65 121 138 191 201 201 344 371 463 473 478 487 509 191 512 514 516 519 520 522 523 524 530 530 549 549 550 344 566 516 574 574 576 371 590 593 601 658 658 576 684 685 686 706 709 712 720 731 732 734 838 839 841 877 878 881 936 941 942 523 1216 1217 1222 1234 1243 1245 1252 1260 1268
148 155 148 148 155 891 907 891 907
785
488 488 918 918 918 1399
101 118 123 126 127 128 135 137 141 142 143 235
125 130 133
390 1078
390
532 612 612 612 909 1177
450 450 585 450 585 450 585 585 585
64
0 3 27 33 41 43 45 48 52 53 81 27 95 33 41 43 45 48 52 53 115 153 160 81 95 182 193 198 115 219 236 95 182 198 219 236 153 320 160 324 81 337 182 193 351 198 115 368 324 95 153 160 445 446 337 182 450 320 193 198 464 468 115 476 477 236 482 219 485 488 324 450 575 582 488 595 600 477 606 476 153 612 320 160 618 619 621 622 445 624 337 182 193 351 634 198 468 642 643 646 649 650 651 236 219 699 450 477 476 351 746 747 748 749 750 751 752 754 755 756 757 758 760 761 762 763 765 766 768 769 770 773 774 775 778 780 782 765 612 320 324 618 619 621 622 445 446 634 575 468 642 643 646 582 595 600 612 324 618 619 621 622 445 446 699 450 634 921 468 642 643 646 477 482 778 575 582 595 600 778 1014 746 747 699 748 749 750 751 752 754 755 756 757 1039 758 1044 760 761 762 763 765 766 1062 768 769 765 770 773 774 762 775 782 780 1014 699 1039 1044 575 1062 1156 600 582 595 1177 1014 1039 1044 575 595 600 582 699 1288 1014 1293 1294 1296 1298 1299 1300 1306 1307 1309 1325 1328 1329 1336 1337 1339 1343 1345 1346 1348 1349 1352 1358 1366 1288 1373 1014 1293 1294 1296 1300 1381 1306 1307 1309 1390 1325 1352 1345 1328 1343 1346 1358 1348 1419 1373 1437
514
11 159 474 618 619 620 621 642 618 619 620 621 642 618 619 620 621 642 967 11 1113 967 620 967 620 1277 1305
1140
1406
138
258
214
0 3 27 67 76 27 97 110 117 134 145 67 152 158 76 182 97 192 194 198 110 207 216 145 67 152 158 76 258 182 192 194 198 207 216 314 338 182 97 192 351 198 110 207 367 145 380 207 145 67 314 152 158 445 446 182 453 459 198 468 477 367 485 490 494 145 314 152 380 192 459 515 207 145 560 561 562 568 569 570 571 572 575 577 578 579 117 582 583 584 585 587 588 589 591 594 595 596 597 599 600 602 477 605 606 314 380 445 338 182 351 634 198 636 515 468 207 646 145 152 670 459 686 367 560 152 561 696 338 192 515 571 706 579 709 477 712 145 351 207 731 732 734 738 560 314 561 696 562 445 446 338 568 634 570 571 572 575 468 577 578 579 646 840 842 582 583 594 591 584 599 367 856 595 587 588 602 585 600 605 589 597 145 314 561 380 445 446 909 634 918 921 468 930 646 477 951 560 561 562 568 918 570 571 572 575 577 578 930 984 579 987 582 595 587 588 600 996 583 585 594 1000 602 591 599 605 589 584 597 1010 1049 1077 1088 1094 561 1118 568 918 570 571 572 575 577 578 930 117 588 600 582 583 584 585 594 595 591 599 605 589 602 1176 1177 587 597 568 570 572 1216 1217 575 577 578 1222 584 595 600 583 594 1234 587 588 589 591 585 599 605 597 582 1260 602 1283 1300 1325 1329 1336 1337 1348 1349 1355 1360 1362 1373 1300 1390 1325 1348 1373 1457 1461 1461
0 3 27 33 41 43 45 48 52 53 81 27 95 33 41 43 45 48 52 53 115 153 160 81 95 182 193 198 115 219 236 95 182 198 219 236 153 320 160 324 81 337 182 193 198 115 368 324 95 388 153 160 445 446 337 182 320 193 198 464 468 115 236 219 324 153 612 320 160 618 619 621 622 445 624 337 182 193 634 198 636 468 642 643 646 652 655 656 236 219 699 737 740 737 746 747 748 749 750 751 752 754 755 756 757 758 760 761 762 763 765 766 767 768 769 770 773 774 775 778 780 782 765 612 320 324 618 619 621 622 445 446 634 468 642 643 646 859 612 324 618 619 621 622 445 446 699 634 921 468 642 643 646 947 953 956 778 778 1014 746 747 699 748 749 750 751 752 754 755 756 757 1039 758 1044 760 761 762 763 765 766 1062 767 768 769 765 770 773 774 762 775 782 780 1106 1014 699 1039 1044 1062 1156 956 1014 1039 1044 699 1288 1014 1288 1014
55 64 124 131 132 144 172 178 186 195 201 350 450 476 477 478 482 485 488 491 492 519 520 522 524 550 450 566 590 488 593 601 477 606 476 624 636 654 696 450 477 476 696 853 450 926 936 938 941 942 946 477 954 482 1081 1177 1243 1245 1252 1293 1294 1296 1298 1299 1300 1306 1307 1309 1325 1328 1329 1336 1337 1339 1343 1345 1346 1348 1349 1352 1358 1366 1373 1293 1294 1296 1300 1381 1306 1307 1309 1390 1325 1352 1345 1328 1343 1346 1358 1348 1419 1373 1437
1301
18 18 748 754 748 754 1124 1325 1328 1390 1325 1328
838 839 878 881 913 913 913
1469
61 63 119
4
731 732 734
118 123 136 235
108
101 118 120 123 125 126 127 128 130 133 135 136 137 139 140 141 142 143 235
1290
1365
6
61 1216 1217 1222 1234 1260 1324
119
24 45 78 45 78 78 293 296 302 391 396 398 401 485 529 542 558 605 605 605 605 605
1400
59 68 148 68 155 176 207 210 148 262 207 148 68 155 319 319 327 329 330 331 262 333 335 336 329 349 329 207 335 68 387 207 319 319 327 329 330 331 319 319 335 329 349 329 335 207 546 568 570 572 575 577 578 582 583 584 585 587 588 589 591 594 595 597 598 599 600 602 605 207 319 319 327 329 330 331 319 319 335 329 349 329 207 763 773 568 570 572 575 577 578 582 583 594 591 584 599 598 595 587 588 602 585 600 605 589 597 891 907 891 907 568 570 572 575 577 578 582 595 587 588 600 598 583 585 594 602 591 599 605 589 584 597 763 773 1106 1106 568 570 572 575 577 578 588 600 582 583 584 585 594 595 598 591 599 605 589 602 587 597 568 570 572 575 577 578 584 595 600 583 594 587 588 589 591 585 599 605 597 582 598 602 1309 1342 1360 1309 1419
561 562 561 561 562 561 561 562 561
18 18 77 82 853
6 58 129 603 744 744 746 747 748 749 750 751 752 744 754 755 756 757 758 759 760 761 762 763 764 765 766 767 768 769 770 744 773 774 775 744 759 780 759 782 765 793 838 839 878 881 793 913 793 744 744 746 747 748 749 750 751 752 744 754 755 756 757 913 758 759 760 761 762 763 764 765 766 767 768 769 765 770 773 744 774 744 762 759 775 782 780 759 913 1196 1197 1198 1201 1202 1203 1204 1209 1198 1219 1231 1257 1396 1426 1427 1428 1428 1428 1433 1444 1459 1467
776
0 3 27 33 41 43 45 48 52 53 27 33 41 43 45 48 52 53 219 236 219 236 450 476 477 236 482 219 485 488 492 532 450 566 568 570 572 575 577 578 582 583 584 585 587 588 589 591 488 594 595 597 598 599 600 602 477 605 606 476 236 219 699 450 477 476 568 570 572 575 577 578 582 583 594 591 584 599 598 595 587 588 602 585 600 605 589 597 699 450 477 482 568 570 572 575 577 578 582 595 587 588 600 598 583 585 594 602 591 599 605 589 584 597 699 699 568 570 572 575 577 578 588 600 582 583 584 585 594 595 598 591 599 605 589 602 1177 587 597 568 570 572 575 577 578 584 595 600 583 594 587 588 589 591 585 599 605 597 582 598 602 699 1293 1294 1296 1298 1299 1300 1306 1307 1309 1325 1328 1329 1336 1337 1339 1343 1345 1346 1348 1349 1352 1358 1366 1373 1293 1294 1296 1300 1381 1306 1307 1309 1390 1325 1352 1345 1328 1343 1346 1358 1348 1419 1373 1437
733
608 608 608 886 608 608 1287 1370 1371 1384 1391 1429 1434
115 160 176 206 115 160 115 160 115 160
264 344 514 521 523 530 536 549 553 344 574 703 847 858 877 935 943 521 523 950
176 336
670
776
290 388 411 416 710 714 716 718 720 861 866 1185 1191 1194 1213 1326 1459
2 10 13 14 15 16 17 18 13 17 21 22 23 24 18 26 27 28 29 30 31 32 33 34 35 36 37 38 39 40 41 42 43 44 45 46 47 48 49 50 51 52 53 54 55 56 59 60 62 63 69 71 76 77 78 80 82 83 84 85 86 87 90 91 92 27 94 96 97 98 33 100 102 103 41 43 106 45 109 110 48 112 52 53 116 122 124 132 134 144 157 76 78 80 83 84 85 86 172 87 90 91 92 178 94 96 97 98 187 100 191 194 195 102 200 202 110 206 207 210 116 216 223 225 227 229 230 231 237 76 78 80 83 84 85 258 86 87 90 91 92 94 96 98 100 194 102 207 284 286 287 288 289 291 216 293 294 295 296 297 298 299 300 301 302 303 304 306 307 308 309 310 314 315 97 351 110 207 116 368 369 369 385 388 207 391 392 393 395 396 397 398 399 400 401 402 403 404 405 407 408 409 410 412 413 414 415 417 418 419 420 421 424 314 450 459 464 369 476 477 369 482 485 488 369 492 314 507 508 509 191 512 459 516 109 207 526 408 528 529 532 533 369 535 537 538 539 540 541 542 369 544 545 547 548 551 552 554 555 556 557 558 560 561 562 563 450 566 568 569 570 572 516 575 577 578 579 580 582 583 584 585 587 588 589 591 488 594 595 597 598 599 600 602 477 605 606 476 314 508 351 638 109 207 408 544 563 508 459 638 686 369 369 560 561 696 699 450 579 708 710 477 476 714 716 718 544 720 508 351 638 109 207 708 730 544 785 560 314 789 561 696 562 563 568 570 572 575 577 578 579 582 583 594 408 591 584 851 599 598 861 595 587 588 602 866 585 600 873 874 605 589 597 883 314 886 561 894 699 450 909 917 917 917 917 947 477 951 482 956 560 561 562 894 568 570 572 575 577 578 579 582 595 587 588 600 598 369 369 583 585 594 1000 602 369 591 599 605 589 584 597 883 894 699 1043 917 1049 917 917 917 1077 1078 1080 1088 369 1094 369 1098 369 1102 1106 561 894 1118 699 568 1043 917 570 917 572 575 917 577 578 917 588 600 582 583 584 585 594 595 598 591 599 605 589 602 1176 1177 587 597 956 883 894 568 570 572 1216 1217 575 577 578 1222 584 595 600 583 594 1234 1235 587 588 1238 589 1241 591 585 599 605 597 1254 582 598 1260 602 894 1268 699 1043 1280 1283 1293 1294 1297 1298 1299 1300 1306 1307 1309 917 1314 917 917 917 1325 1328 1329 1336 1337 1339 1341 1343 1345 1346 1348 1349 1352 1355 1358 1360 1366 1369 1371 1373 1293 1294 1300 1381 1306 1307 1384 1309 1390 1325 1352 1345 1328 1343 1346 1358 1348 1419 1429 1373 1434 1437 1457 1458 1461 1461
367 367 367 367
5 7
120 127 363 442
92 92 92 482 482
103 106 112 122
1440
824
324 324 324 731 732 734 324 324
1406
97 110 137 97 191 110 235 97 110 191 546 684 685
0 3 115 201 115 316 334 348 350 355 115 364 316 406 334 465 467 468 115 316 532 468 646 649 650 651 653 316 737 739 737 468 646 920 921 468 938 646 946 947 949 952 953 954 956 316 1177 956 1227 1243 1245 1249 1251 1252 1253 1255 1262 1263 1294 1296 1300 1309 1329 1330 1336 1337 1345 1348 1349 1351 1352 1357 1359 1365 1294 1296 1300 1381 1309 1352 1345 1348 1420 1421 1423
29 35 53 62 70 95 102 110 53 127 70 165 95 187 194 102 202 110 207 216 225 236 70 165 95 194 102 207 216 236 165 334 110 207 365 70 95 207 165 334 471 236 165 516 207 520 550 566 516 595 207 471 652 686 236 207 773 782 830 471 595 936 937 942 980 937 595 937 471 773 782 937 595 595 1254 1288 1306 1317 1339 1341 1359 1288 1306 1389 1420 1442 1389 1463
12
1360
196 196 203 203
1099 1406
67 76 80 98 116 134 140 145 67 152 158 76 80 182 98 192 198 210 116 219 228 234 236 145 67 152 158 76 80 262 182 98 192 198 280 219 286 236 314 262 338 182 192 198 280 116 367 145 380 387 145 67 424 314 152 158 445 446 182 459 198 468 367 236 219 145 314 152 380 507 192 459 145 560 563 568 569 570 571 575 577 578 579 582 583 584 585 587 588 589 591 594 595 596 596 597 598 599 600 602 605 314 380 445 338 182 634 198 636 468 646 145 152 563 459 236 219 367 560 152 696 338 699 192 571 706 706 579 709 709 712 712 145 738 772 784 560 314 696 445 446 338 563 568 634 570 571 575 468 577 578 579 646 840 840 842 842 582 583 594 591 584 599 367 856 856 598 595 587 588 602 585 600 605 589 597 145 883 314 380 894 445 446 699 909 634 917 921 917 468 917 917 646 947 951 956 560 894 568 570 571 575 577 578 984 984 579 987 987 582 595 587 588 600 598 996 996 583 585 594 602 591 599 605 589 584 597 1010 1010 883 894 699 1043 917 1049 917 917 917 1077 772 1088 1094 1106 784 894 699 568 1043 917 570 917 571 575 917 577 578 917 588 600 582 583 584 585 594 595 598 1170 591 599 605 589 602 1176 587 597 956 883 894 568 570 1216 1217 575 577 578 1222 584 595 600 583 594 1234 1235 587 588 589 1242 591 585 599 605 597 1254 582 598 1260 602 894 699 1043 1283 1297 917 1314 917 917 917 1355 1362 1365 1389 1409 1389 1409
108
916 916 916 916 916
1 108 1290 1290 1347 1350 1367 1400 1435
121 138 344 371 469 486 491 514 521 523 530 536 549 553 344 574 371 648 654 659 812 823 827 847 849 858 860 867 869 871 875 877 935 943 521 523 950 1071 1090 1100 1103
218 221 222 226
176 190 494 1466
569
61 63
31 55
640
129
43 43 126 130 140 141 219 219 363 219 519 522 524 578 219 578 578 578 578
158 158 158
158 158 158 798 801 818 854
525 531
1235 1254 1341
