241 273 735 425 815 389 648 677 266 763 848 241 872 755 
502 525 274 822 261 259 
525 653 273 126 579 801 681 
794 273 735 425 815 433 629 677 266 763 848 241 872 756 
52 612 500 72 516 719 218 646 571 
561 481 806 542 724 731 63 661 654 
736 318 328 681 779 273 695 789 731 231 
561 481 806 542 724 731 63 296 342 
369 305 603 96 593 681 704 84 77 551 
619 836 410 28 67 664 285 630 133 861 681 
214 399 525 276 677 133 621 801 681 
566 525 274 758 466 731 681 
615 392 525 274 817 731 
615 392 525 274 464 723 726 801 681 
237 712 234 333 376 801 570 681 
615 392 525 274 464 343 801 681 
237 712 670 437 333 376 801 570 681 
615 392 525 274 247 801 681 
615 392 525 274 768 786 801 681 
615 392 525 274 464 723 726 801 681 
615 392 525 274 247 801 681 
615 392 525 274 464 801 681 
237 712 652 235 333 376 801 570 681 
237 712 234 333 376 801 236 681 
237 712 743 66 201 235 333 376 801 570 681 
615 392 525 274 768 786 801 681 
615 392 525 274 246 632 801 681 
794 115 273 677 519 801 836 266 871 681 848 241 872 755 
237 712 649 333 376 801 236 681 
237 712 580 333 376 801 236 681 
237 712 649 333 376 801 570 681 
502 525 274 829 380 801 
615 392 253 274 246 632 801 681 
794 115 273 677 284 801 836 571 681 848 241 872 755 
237 712 597 476 333 376 801 236 681 
237 712 580 333 376 801 570 681 
349 237 712 595 333 376 801 570 681 
237 712 239 333 376 801 570 681 
237 712 595 333 376 801 570 681 
237 712 597 476 333 376 801 570 681 
237 712 670 437 333 376 801 236 681 
794 115 273 677 519 801 836 571 681 848 241 872 755 
349 237 712 594 601 376 801 236 681 
794 115 273 677 830 801 836 571 681 848 241 872 755 
237 712 595 333 376 801 236 681 
794 115 273 677 782 801 836 571 681 848 241 872 755 
349 237 712 293 333 376 801 570 681 
349 237 712 230 235 333 376 801 236 681 
794 115 273 677 433 801 836 571 681 848 241 872 755 
349 237 712 595 333 376 801 236 681 
349 237 712 507 333 376 801 570 681 
237 712 239 333 376 801 236 681 
794 115 273 677 447 801 836 571 681 848 241 872 755 
794 115 273 677 816 801 836 571 681 848 241 872 755 
349 237 712 230 235 333 376 801 570 681 
502 525 274 766 271 829 380 801 
349 237 712 239 333 376 801 236 681 
669 273 108 736 328 686 
277 525 274 73 345 787 621 686 
238 203 250 333 297 376 801 570 681 846 731 856 784 
349 237 712 507 597 333 376 801 236 681 
353 499 273 849 837 840 773 693 29 858 696 780 841 686 98 
349 237 712 580 601 376 801 236 681 
241 839 849 869 801 61 865 835 859 873 29 858 98 
642 303 766 754 288 
403 241 271 413 109 345 527 866 741 864 328 681 
273 425 257 376 730 681 657 249 588 
257 731 875 763 846 273 855 210 207 
257 558 252 272 784 377 681 
442 443 631 273 425 377 801 681 
720 578 274 425 816 376 731 681 
566 525 274 308 725 801 681 
566 253 274 466 712 604 
295 503 525 274 631 377 485 
483 501 525 274 376 485 
483 525 274 680 731 681 
273 631 376 732 875 803 692 763 836 606 681 
295 503 525 274 412 521 786 377 801 
720 578 273 631 376 691 801 29 606 681 782 
96 285 518 273 735 339 588 
257 558 252 272 731 631 801 875 691 
442 443 425 271 283 731 431 241 872 755 
295 503 253 274 412 521 786 801 
257 558 252 272 801 731 631 691 588 
720 578 273 631 376 691 801 29 606 681 663 262 
720 578 273 631 376 691 801 29 606 681 654 
720 578 273 631 376 691 801 29 606 681 519 
720 578 273 631 376 691 801 29 606 681 284 
502 525 274 253 271 439 259 485 
615 392 525 274 632 731 
720 578 273 631 376 691 801 29 606 681 587 
720 578 273 631 376 691 801 29 606 681 222 
720 578 273 631 376 691 801 29 606 681 808 648 
794 115 273 677 519 801 836 266 871 681 848 241 872 755 
720 578 273 631 376 691 801 29 606 681 629 
273 816 731 377 863 241 872 755 
720 578 273 631 376 691 801 29 606 681 433 629 
273 376 814 257 631 801 735 648 691 763 
273 257 631 801 731 875 629 433 691 
794 115 273 677 284 801 836 571 681 848 241 872 755 
720 578 273 631 376 691 801 29 606 681 706 262 
776 528 654 501 736 320 373 747 731 
720 578 273 631 376 691 801 29 606 681 816 
809 253 274 24 325 139 801 681 
794 115 273 677 519 801 836 571 681 848 241 872 755 
794 115 273 677 830 801 836 571 681 848 241 872 755 
809 253 274 12 270 139 801 681 
794 115 273 677 782 801 836 571 681 848 241 872 755 
742 273 567 631 96 621 822 731 63 812 
525 273 453 801 714 581 323 131 731 681 186 
273 376 814 257 631 801 735 816 691 763 
794 115 273 677 433 801 836 571 681 848 241 872 755 
809 253 274 21 139 801 681 
794 115 273 677 447 801 836 571 681 848 241 872 755 
794 115 273 677 816 801 836 571 681 848 241 872 755 
791 406 815 425 271 257 731 705 241 872 755 
273 567 631 801 731 875 262 691 
525 273 654 634 323 714 581 131 731 763 681 186 
776 353 501 736 320 775 747 731 
96 611 685 273 586 444 781 457 602 772 29 606 681 
776 528 448 345 273 320 807 328 
501 262 536 394 526 221 823 352 741 691 848 405 422 
809 525 274 8 512 139 801 681 
776 353 273 736 320 775 747 731 
488 553 766 273 145 262 691 29 451 801 29 604 731 681 
776 501 250 522 320 373 748 
776 528 501 830 736 320 373 747 731 
776 816 522 320 807 747 731 846 501 
776 353 448 677 273 320 373 747 731 
828 273 407 787 624 513 735 
776 830 677 318 320 373 748 
656 525 274 766 3 139 731 
488 553 766 273 145 257 29 726 691 801 29 604 731 681 
776 353 453 677 273 320 748 731 
428 321 631 801 731 836 606 875 691 836 763 58 877 
776 353 501 654 736 320 747 731 
776 528 320 775 354 846 851 
776 353 501 654 677 320 747 731 614 814 
501 654 536 761 523 394 823 352 741 691 848 405 422 
776 390 654 345 694 709 318 735 
776 501 353 830 677 320 328 875 373 
776 528 501 830 677 320 747 731 
776 528 654 677 273 373 393 747 731 
776 528 501 736 320 373 747 731 
488 553 766 273 647 691 145 257 801 29 604 731 681 
273 631 731 875 539 763 702 97 
273 425 257 376 730 681 657 249 588 
257 731 875 763 846 273 855 210 207 
492 348 525 274 525 784 575 744 731 
257 558 252 272 784 377 681 
720 578 274 425 816 376 731 681 
273 631 150 731 
273 631 731 850 257 875 539 358 654 284 763 
442 273 567 262 731 681 431 241 872 756 
615 392 253 274 474 542 632 731 
492 348 525 274 525 784 744 731 
324 253 273 731 
566 525 274 445 634 801 681 
273 257 731 875 763 846 832 831 852 
566 525 274 758 466 731 681 96 
791 406 425 271 257 731 431 241 872 755 
273 631 376 732 875 803 692 763 836 606 681 
720 578 273 631 376 691 801 29 606 681 782 
96 285 518 273 735 339 588 
324 253 273 731 850 257 
324 253 273 731 850 816 
257 558 252 272 731 631 801 875 691 
442 443 425 271 283 731 431 241 872 755 
257 558 252 272 801 731 631 691 588 
720 578 273 631 376 691 801 29 606 681 663 262 
720 578 273 631 376 691 801 29 606 681 654 
720 578 273 631 376 691 801 29 606 681 519 
442 443 241 836 766 271 736 731 565 801 694 681 
720 578 273 631 376 691 801 29 606 681 284 
720 578 273 631 376 691 801 29 606 681 587 
720 578 273 631 376 691 801 29 606 681 222 
791 406 797 241 271 257 784 702 826 93 549 
720 578 273 631 376 691 801 29 606 681 808 648 
442 443 241 836 766 271 736 731 311 801 694 681 
720 578 273 631 376 691 801 29 606 681 629 
273 816 731 377 863 241 872 755 
720 578 273 631 376 691 801 29 606 681 433 629 
442 443 425 271 257 731 875 453 763 431 241 872 755 
273 376 814 257 631 801 735 648 691 763 
273 257 631 801 731 875 629 433 691 
615 392 253 274 251 421 432 604 
442 443 241 836 766 271 736 731 257 694 681 
488 553 253 273 647 451 29 816 691 145 451 29 262 801 29 604 731 681 
281 282 253 274 636 604 644 
720 578 273 631 376 691 801 29 606 681 706 262 
342 424 273 138 679 567 675 273 731 485 
524 273 567 801 696 386 657 249 425 814 731 87 
273 631 257 731 875 654 763 
442 443 425 271 257 731 431 241 872 755 
567 262 29 816 273 29 241 271 339 731 683 692 764 803 606 
442 443 525 273 766 736 731 801 694 681 
434 702 262 546 731 456 819 660 242 63 456 819 530 
720 578 273 631 376 691 801 29 606 681 816 
442 443 425 271 257 731 875 257 763 431 241 872 755 
326 157 567 271 299 731 681 
488 553 253 273 262 691 145 451 801 29 604 731 681 
442 443 815 766 271 425 731 257 702 146 40 
488 553 273 145 257 29 816 647 691 451 801 29 604 731 681 
434 702 654 546 731 456 819 660 242 63 456 819 530 
484 292 273 96 621 631 731 63 83 
273 376 814 257 631 801 735 816 691 763 
791 406 498 250 273 801 681 
816 241 271 29 273 784 732 486 692 803 763 29 606 
641 272 139 731 
791 406 815 425 271 257 731 705 241 872 755 
319 257 784 801 875 429 268 
641 273 139 731 
641 273 139 731 
641 273 139 731 
295 503 253 274 290 762 604 
273 567 631 801 731 875 262 691 
283 29 816 273 29 241 271 339 714 854 868 692 764 803 606 
641 273 139 731 
483 525 274 378 468 824 691 96 
794 187 273 731 875 677 830 571 848 241 872 755 
375 273 345 361 600 302 731 61 606 33 621 682 
483 525 274 378 556 824 691 67 
483 525 274 378 468 824 691 67 
488 553 253 273 262 647 691 145 310 801 29 604 731 681 
641 273 139 731 
488 553 253 273 145 257 29 816 317 691 257 801 29 604 731 681 
483 525 274 378 556 824 691 96 
401 273 324 485 801 606 117 862 731 
226 471 727 273 731 875 725 364 
488 553 273 262 691 145 451 801 29 604 731 681 
488 553 253 273 726 691 145 358 567 801 29 604 731 681 
488 553 253 273 145 262 647 691 145 567 801 29 604 731 681 
641 272 139 731 
641 272 139 731 
306 867 645 527 709 271 731 875 725 362 
776 353 501 320 775 721 814 747 731 
794 187 273 731 875 677 816 571 848 241 872 755 
488 553 273 647 262 691 145 567 262 801 29 604 731 681 
615 392 253 274 421 432 560 463 465 604 
273 631 731 875 539 763 702 97 
273 425 257 376 730 681 657 249 588 
257 731 875 763 846 273 855 210 207 
492 348 525 274 525 784 575 744 731 
720 578 274 425 816 376 731 681 
273 631 150 731 
273 631 731 850 257 875 539 358 654 284 763 
295 503 253 274 542 725 485 
324 253 273 731 
273 257 731 875 763 846 832 831 852 
273 631 376 732 875 803 692 763 836 606 681 
720 578 273 631 376 691 801 29 606 681 782 
96 285 518 273 735 339 588 
324 253 273 731 850 257 
324 253 273 731 850 816 
257 558 252 272 731 631 801 875 691 
257 558 252 272 801 731 631 691 588 
720 578 273 631 376 691 801 29 606 681 663 262 
720 578 273 631 376 691 801 29 606 681 654 
728 376 731 588 605 29 763 684 273 870 702 190 
720 578 273 631 376 691 801 29 606 681 519 
720 578 273 631 376 691 801 29 606 681 284 
480 541 525 274 525 718 259 
567 262 241 271 29 273 299 675 784 731 681 875 268 29 461 
720 578 273 631 376 691 801 29 606 681 587 
396 680 731 63 262 63 534 850 792 
720 578 273 631 376 691 801 29 606 681 222 
720 578 273 631 376 691 801 29 606 681 808 648 
720 578 273 631 376 691 801 29 606 681 629 
273 816 731 377 863 241 872 755 
720 578 273 631 376 691 801 29 606 681 433 629 
442 443 425 271 257 731 875 453 763 431 241 872 755 
273 257 631 801 731 875 629 433 691 
273 631 567 262 731 339 148 621 681 
720 578 273 631 376 691 801 29 606 681 706 262 
273 631 257 731 875 654 763 
273 310 680 133 610 737 696 
566 525 274 680 731 681 
567 262 29 816 273 29 241 271 339 731 683 692 764 803 606 
720 578 273 631 376 691 801 29 606 681 816 
442 443 425 271 257 731 875 257 763 431 241 872 755 
478 409 501 273 675 731 875 461 41 622 
816 241 271 29 273 784 732 486 692 803 763 29 606 
272 588 396 66 527 606 139 681 850 673 
272 588 396 66 527 606 139 681 850 517 262 
217 440 284 133 621 626 726 801 681 273 731 158 
794 187 273 731 875 677 830 571 848 241 872 755 
273 151 708 681 875 654 634 803 376 692 269 836 573 298 
217 440 654 133 621 626 726 801 681 273 731 148 
217 440 262 133 621 626 726 801 681 273 731 188 
217 440 520 453 133 621 626 726 801 681 273 731 188 
478 409 501 273 735 504 681 478 800 41 622 
217 440 520 453 133 621 626 726 801 681 273 731 158 
283 29 816 273 29 241 271 339 714 854 868 692 764 803 606 
217 440 782 133 621 626 726 801 681 273 731 148 
217 440 284 133 621 626 726 801 681 273 731 148 
217 440 262 133 621 626 726 801 681 273 731 158 
217 440 782 133 621 626 726 801 681 273 731 188 
217 440 284 133 621 626 726 801 681 273 731 188 
217 440 648 133 621 626 726 801 681 273 731 188 
217 440 654 133 621 626 726 801 681 273 731 158 
217 440 648 133 621 626 726 801 681 273 731 158 
217 440 471 629 133 621 626 726 801 681 273 731 188 
217 440 782 133 621 626 726 801 681 273 731 158 
217 440 520 453 133 621 626 726 801 681 273 731 148 
217 440 471 629 133 621 626 726 801 681 273 731 148 
794 187 273 731 875 677 816 571 848 241 872 755 
217 440 262 133 621 626 726 801 681 273 731 148 
217 440 654 133 621 626 726 801 681 273 731 188 
217 440 648 133 621 626 726 801 681 273 731 148 
522 376 801 
217 440 471 629 133 621 626 726 801 681 273 731 158 
492 348 525 274 525 784 575 744 731 
257 558 252 272 784 377 681 
273 631 150 731 
148 621 272 376 731 875 692 803 836 763 
566 525 274 466 360 725 801 681 
525 273 498 714 581 815 386 156 731 681 86 
442 273 567 262 731 681 431 241 872 756 
492 348 525 274 525 784 744 731 
535 501 273 148 621 425 784 731 683 96 287 710 417 451 
442 443 425 731 681 699 846 273 431 241 872 755 
791 406 425 271 257 731 431 241 872 755 
273 358 567 631 731 842 857 844 
324 253 273 731 850 257 
442 443 425 273 501 376 731 811 691 431 241 872 755 
535 501 273 148 621 425 784 731 683 96 287 710 417 451 
324 253 273 731 850 816 
535 501 273 148 621 425 784 731 683 96 287 710 419 451 
442 443 425 271 283 731 431 241 872 755 
535 501 273 148 621 425 784 731 683 96 287 710 416 257 
535 501 273 148 621 425 784 699 731 683 96 287 710 415 
535 501 273 148 621 425 784 731 683 96 287 710 416 567 
567 262 241 271 29 273 299 675 784 731 681 875 268 29 461 
535 501 273 148 621 425 784 731 683 710 418 665 197 
442 414 337 836 815 731 681 816 846 273 
535 501 273 148 621 425 784 731 683 96 287 710 417 283 
797 271 257 324 784 702 148 
442 443 425 271 283 731 273 872 755 
253 273 735 850 257 875 663 262 569 763 
442 443 425 271 257 731 875 453 763 431 241 872 755 
273 376 814 257 631 801 735 648 691 763 
357 273 691 29 313 504 681 
148 610 680 273 588 504 681 63 310 
535 501 273 148 621 425 784 731 683 96 287 710 416 257 
501 823 582 792 273 112 150 731 
273 631 257 731 875 654 763 
442 443 425 271 257 731 431 241 872 755 
273 310 680 133 610 737 696 
442 443 815 271 425 731 257 702 148 
535 501 273 148 621 425 784 731 683 96 287 710 419 283 
442 443 815 766 271 425 731 257 702 133 38 
273 836 756 257 856 567 376 731 148 623 803 692 341 763 
535 501 273 148 621 425 784 731 683 96 287 710 416 257 
442 443 425 271 257 731 875 257 763 431 241 872 755 
517 262 726 680 396 731 836 696 63 94 
442 443 815 271 425 731 257 702 188 
148 610 680 273 588 504 681 63 498 
478 409 501 273 675 731 875 461 41 622 
273 376 814 257 631 801 735 816 691 763 
148 610 273 726 680 588 504 681 63 262 
816 241 271 29 273 784 732 486 692 803 763 29 606 
340 501 273 492 348 148 621 712 731 
791 406 815 425 271 257 731 705 241 872 755 
386 273 807 505 731 681 157 830 451 634 316 
442 443 815 271 425 731 257 702 158 
294 273 675 588 567 836 816 731 
273 567 631 801 731 875 262 691 
253 273 257 731 875 805 654 527 569 763 
442 443 271 801 681 850 453 431 241 872 755 
401 273 487 29 606 731 34 622 
401 273 487 29 606 731 34 622 
501 823 273 112 150 731 
535 501 273 148 621 425 784 731 683 96 287 710 417 283 
273 631 731 875 539 763 702 97 
273 425 257 376 730 681 657 249 588 
257 558 252 272 784 377 681 
720 578 274 425 816 376 731 681 
273 631 150 731 
525 273 498 714 581 815 386 156 731 681 86 
324 253 273 731 
148 621 358 451 627 731 875 699 763 
96 285 518 273 735 339 588 
442 443 425 273 501 376 731 811 691 431 241 872 755 
272 133 63 621 726 680 396 731 850 498 
273 816 731 377 863 241 872 755 
217 440 471 629 133 621 626 726 801 681 273 731 77 
273 631 567 262 731 339 148 621 681 
567 262 271 29 241 273 299 675 784 731 339 681 875 461 
273 708 681 151 284 800 803 269 691 29 298 273 67 872 188 
816 241 271 29 273 784 732 486 692 803 763 29 606 
750 273 678 749 
217 440 782 133 621 626 726 801 681 273 731 71 
217 440 262 133 621 626 726 801 681 273 731 89 
217 440 654 133 621 626 726 801 681 273 731 71 
459 272 306 731 
217 440 520 453 133 621 626 726 801 681 273 731 195 
217 440 782 133 621 626 726 801 681 273 731 77 
217 440 520 453 133 621 626 726 801 681 273 731 89 
217 440 782 133 621 626 726 801 681 273 731 89 
217 440 262 133 621 626 726 801 681 273 731 195 
217 440 471 629 133 621 626 726 801 681 273 731 89 
217 440 782 133 621 626 726 801 681 273 731 195 
217 440 471 629 133 621 626 726 801 681 273 731 195 
217 440 284 133 621 626 726 801 681 273 731 71 
217 440 654 133 621 626 726 801 681 273 731 77 
217 440 654 133 621 626 726 801 681 273 731 89 
241 271 451 425 714 581 815 386 156 731 681 105 
217 440 648 133 621 626 726 801 681 273 731 195 
524 273 640 698 801 29 604 714 581 681 37 622 
217 440 648 133 621 626 726 801 681 273 731 71 
217 440 471 629 133 621 626 726 801 681 273 731 71 
478 409 501 273 154 707 681 478 800 
217 440 648 133 621 626 726 801 681 273 731 89 
217 440 520 453 133 621 626 726 801 681 273 731 71 
217 440 262 133 621 626 726 801 681 273 731 77 
217 440 284 133 621 626 726 801 681 273 731 195 
273 735 273 154 378 707 681 478 800 63 284 133 
217 440 284 133 621 626 726 801 681 273 731 77 
217 440 520 453 133 621 626 726 801 681 273 731 77 
217 440 284 133 621 626 726 801 681 273 731 89 
217 440 648 133 621 626 726 801 681 273 731 77 
217 440 262 133 621 626 726 801 681 273 731 71 
273 631 731 875 539 763 702 97 
257 731 875 763 846 273 855 210 207 
563 345 801 875 606 29 461 
148 621 272 376 731 875 692 803 836 763 
273 631 731 850 257 875 539 358 654 284 763 
442 273 567 262 731 681 431 241 872 756 
273 257 731 875 763 846 832 831 852 
535 501 273 148 621 425 784 731 683 96 287 710 417 451 
791 406 425 271 257 731 431 241 872 755 
273 358 567 631 731 842 857 844 
324 253 273 731 850 257 
535 501 273 148 621 425 784 731 683 96 287 710 417 451 
324 253 273 731 850 816 
535 501 273 148 621 425 784 731 683 96 287 710 419 451 
535 501 273 148 621 425 784 731 683 96 287 710 416 257 
272 133 63 621 726 680 396 731 850 498 
535 501 273 148 621 425 784 699 731 683 96 287 710 415 
615 392 525 274 377 731 
535 501 273 148 621 425 784 731 683 96 287 710 416 567 
535 501 273 148 621 425 784 731 683 96 287 710 417 451 
273 807 727 257 505 588 152 681 
535 501 273 148 621 425 784 731 683 96 287 710 417 451 
442 414 337 836 815 731 681 816 846 273 
442 443 271 257 731 875 712 654 763 431 241 872 755 
442 443 425 271 257 731 875 342 629 763 241 872 755 
535 501 273 148 621 425 784 731 683 96 287 710 417 283 
442 443 425 271 283 731 273 872 755 
442 443 425 271 257 731 875 453 763 431 241 872 755 
794 145 766 273 756 753 425 735 801 571 686 589 184 
535 501 273 148 621 425 784 731 683 96 287 710 416 257 
442 443 425 731 681 699 846 273 431 241 872 755 
273 323 731 63 763 328 133 610 681 63 634 
200 385 273 712 117 621 731 63 668 
442 443 425 271 257 731 431 241 872 755 
535 501 273 148 621 425 784 731 683 96 287 710 419 283 
390 272 117 285 148 621 257 631 731 
535 501 273 148 621 425 784 731 683 96 287 710 416 257 
273 283 376 732 338 588 875 607 486 803 692 836 763 
390 272 117 285 148 621 310 631 731 
272 133 63 621 726 680 396 731 850 517 262 
442 443 425 271 257 731 875 257 763 431 241 872 755 
524 273 498 680 387 731 36 
442 443 271 801 681 850 706 262 431 241 872 755 
442 443 815 271 425 731 257 702 195 
390 272 117 285 148 621 567 631 731 
442 443 815 271 425 731 257 702 89 
442 443 815 425 271 257 731 875 654 763 705 241 872 755 
501 823 525 274 150 731 
791 406 815 425 271 257 731 705 241 872 755 
390 272 117 285 148 621 712 816 731 
390 272 117 285 148 621 712 257 731 
273 396 731 63 517 262 128 
200 385 273 758 117 621 731 63 191 
401 273 487 29 606 731 34 622 
794 145 766 273 756 257 425 735 801 571 686 589 184 
794 145 766 273 756 453 691 425 257 801 763 681 588 184 
766 273 396 731 63 673 453 36 63 436 
253 273 257 731 875 805 654 527 569 763 
794 187 273 731 875 677 816 571 848 241 872 755 
401 273 487 29 606 731 34 622 
794 145 766 273 755 808 425 735 801 571 686 589 184 
794 187 273 731 875 677 830 571 848 241 872 755 
273 396 731 63 517 262 32 550 63 435 
794 145 766 271 755 782 691 731 257 801 763 681 588 184 
501 823 525 274 15 150 731 
273 396 731 63 517 262 110 
794 145 766 271 755 425 358 746 735 801 571 681 589 184 
401 273 487 29 606 731 34 622 
273 323 731 63 763 328 117 610 681 63 634 
501 823 525 274 766 11 150 731 
794 145 241 766 273 433 425 735 801 571 681 589 184 
273 396 731 63 517 262 31 550 63 435 
273 323 731 63 763 328 117 610 681 63 635 702 825 92 549 64 
535 501 273 148 621 425 784 731 683 96 287 710 417 283 
273 631 731 875 539 763 702 97 
273 631 150 731 
148 621 272 376 731 875 692 803 836 763 
525 273 498 714 581 815 386 156 731 681 86 
273 631 731 850 257 875 539 358 654 284 763 
324 253 273 731 
148 621 358 451 627 731 875 699 763 
96 285 518 273 735 339 588 
324 253 273 731 850 257 
442 443 425 273 501 376 731 811 691 431 241 872 755 
324 253 273 731 850 816 
273 151 505 681 875 654 634 803 376 692 269 836 573 298 
525 273 284 801 714 581 323 131 731 681 186 
524 273 517 262 801 694 425 386 657 249 731 87 
524 273 567 801 696 386 657 249 425 814 731 87 
273 631 257 731 875 654 763 
524 273 482 801 694 425 386 657 249 731 681 87 
273 283 376 732 338 588 875 607 486 803 692 836 763 
501 823 582 792 273 111 148 621 315 757 733 
524 273 634 323 714 581 731 763 681 34 622 
524 273 262 816 801 696 386 657 249 731 87 
525 273 453 801 714 581 323 131 731 681 186 
816 241 271 29 273 784 732 486 692 803 763 29 606 
524 830 396 694 425 657 249 386 731 766 273 110 
524 816 396 694 425 657 249 386 731 766 273 110 
501 823 855 792 273 150 731 681 
524 830 396 694 425 657 249 386 731 766 273 142 
501 823 582 792 273 112 150 314 731 
524 830 396 694 425 657 249 386 731 766 273 128 
483 525 274 468 378 70 833 739 96 
217 440 471 629 133 621 626 726 801 681 273 731 100 
524 273 640 698 801 29 604 714 581 681 37 622 
217 440 648 133 621 626 726 801 681 273 731 100 
217 440 782 133 621 626 726 801 681 273 731 100 
501 823 582 796 273 113 148 621 634 733 
483 525 274 468 378 70 833 739 67 
794 145 425 815 608 441 273 358 751 801 686 735 589 667 
217 440 262 133 621 626 726 801 681 273 731 90 
401 273 487 29 606 731 34 622 
217 440 520 453 133 621 626 726 801 681 273 731 90 
501 823 582 796 273 137 148 621 634 733 
217 440 520 453 133 621 626 726 801 681 273 731 92 
217 440 284 133 621 626 726 801 681 273 731 100 
217 440 471 629 133 621 626 726 801 681 273 731 92 
217 440 262 133 621 626 726 801 681 273 731 92 
217 440 284 133 621 626 726 801 681 273 731 92 
217 440 782 133 621 626 726 801 681 273 731 90 
401 273 487 29 606 731 34 622 
525 273 283 801 714 581 323 131 731 681 186 
217 440 654 133 621 626 726 801 681 273 731 100 
401 273 614 814 784 41 625 
217 440 471 629 133 621 626 726 801 681 273 731 90 
217 440 654 133 621 626 726 801 681 273 731 90 
501 823 582 796 273 114 150 634 731 
524 816 396 694 425 657 249 386 731 766 273 128 
217 440 654 133 621 626 726 801 681 273 731 92 
217 440 648 133 621 626 726 801 681 273 731 92 
501 823 855 792 273 148 621 634 731 850 243 
217 440 520 453 133 621 626 726 801 681 273 731 100 
217 440 284 133 621 626 726 801 681 273 731 90 
217 440 262 133 621 626 726 801 681 273 731 100 
217 440 648 133 621 626 726 801 681 273 731 90 
217 440 782 133 621 626 726 801 681 273 731 92 
273 631 731 875 539 763 702 97 
148 621 498 731 875 692 803 836 763 
272 99 466 731 850 257 283 567 49 801 96 765 
272 99 540 731 850 618 856 699 49 801 96 765 
634 469 801 875 606 
794 145 766 273 756 753 425 735 801 571 686 589 184 
501 823 582 792 273 112 150 731 
794 145 241 766 271 583 816 425 257 801 571 681 588 185 
273 631 567 262 731 339 148 621 681 
794 271 677 688 510 735 784 875 284 266 763 801 686 53 
272 99 540 731 875 801 836 96 765 63 618 827 32 551 60 
794 271 677 688 510 735 784 875 663 262 266 763 801 686 666 
524 273 627 731 875 763 41 622 
794 273 677 688 510 735 785 520 453 266 763 801 686 589 
524 273 262 816 801 696 386 657 249 731 87 
501 823 582 792 273 114 156 731 
794 273 677 688 510 735 784 875 447 266 763 801 686 241 755 
524 273 453 396 694 425 657 249 386 731 87 
794 273 677 688 510 735 784 875 654 266 763 801 681 588 666 
794 273 677 688 510 735 784 875 830 266 763 801 686 589 
672 28 123 63 148 621 257 627 731 875 801 836 763 
483 501 525 274 402 725 801 731 681 
525 273 654 634 323 714 581 131 731 763 681 186 
794 271 677 688 510 735 784 875 648 266 763 801 681 241 755 
794 273 677 688 510 735 784 875 699 266 763 801 686 589 
794 273 688 510 735 784 875 389 648 266 763 801 686 666 
794 271 677 688 510 735 784 875 453 753 266 763 801 686 666 
501 823 273 112 150 731 
794 271 677 688 510 735 784 875 342 654 266 763 801 681 53 
794 273 677 688 510 735 784 875 567 262 266 763 801 686 666 
794 273 677 688 510 735 785 875 519 266 763 801 686 589 
524 453 396 694 425 657 249 386 731 766 273 142 
794 271 677 688 510 731 784 875 358 451 266 763 801 686 53 
794 145 766 271 755 425 358 746 735 801 571 681 589 184 
524 453 396 694 425 657 249 386 731 766 273 128 
794 273 677 688 510 735 784 875 283 266 763 801 686 53 
794 273 677 688 510 735 784 875 816 266 763 801 681 241 755 
148 621 257 875 447 627 731 875 447 763 
794 273 677 688 510 735 784 875 557 266 763 801 686 588 
794 273 677 688 510 735 784 875 517 309 801 681 589 
794 271 677 688 510 731 784 875 433 629 266 763 801 681 666 
794 273 677 688 510 735 784 875 482 266 763 801 681 241 755 
524 453 396 694 425 657 249 386 731 766 273 110 
794 273 677 688 510 735 784 875 587 266 763 801 686 589 
787 621 273 731 
794 145 766 273 756 453 691 425 257 801 763 681 588 184 
794 273 677 688 510 735 784 875 782 266 763 801 686 666 
794 145 766 273 756 676 691 250 735 801 763 686 589 184 
794 145 766 273 756 257 425 735 801 571 686 589 184 
493 515 376 795 273 365 731 681 
148 621 272 376 731 875 692 803 836 763 
442 273 567 262 731 681 431 241 872 756 
615 392 253 274 377 731 
493 515 752 731 681 846 273 431 241 872 755 
148 621 358 451 627 731 875 699 763 
492 348 525 274 525 148 621 722 631 731 
442 443 425 731 681 699 846 273 431 241 872 755 
791 406 425 271 257 731 431 241 872 755 
492 348 525 274 525 148 621 310 446 731 
493 515 568 333 758 731 681 846 273 431 241 872 755 
493 515 564 333 758 731 681 846 273 431 241 872 755 
493 515 273 758 731 681 
493 515 283 333 758 731 681 846 273 431 241 872 755 
493 515 257 711 631 731 681 846 273 431 241 872 755 
442 443 271 257 731 875 712 654 763 431 241 872 755 
442 443 425 731 681 498 846 273 431 766 872 755 
442 443 425 271 283 731 273 872 755 
253 273 735 850 257 875 663 262 569 763 
442 443 425 271 257 731 875 453 763 431 241 872 755 
275 133 63 621 726 680 272 731 850 498 
525 273 284 801 714 581 323 131 731 681 186 
395 662 525 274 1 150 731 
442 443 425 271 257 731 431 241 872 755 
275 133 63 621 726 680 272 731 850 517 262 
273 836 756 257 856 567 376 731 148 623 803 692 341 763 
442 443 425 271 283 731 875 629 763 240 872 756 
442 443 425 271 257 731 875 257 763 431 241 872 755 
442 443 425 271 283 731 875 629 763 431 241 872 766 
524 273 634 323 714 581 731 763 681 34 622 
525 273 447 801 714 581 323 131 731 681 186 
525 273 453 801 714 581 323 131 731 681 186 
555 620 273 256 731 63 272 96 876 256 681 
442 443 815 425 271 257 731 875 654 763 705 241 872 755 
493 515 584 453 333 758 731 681 846 273 431 241 872 755 
493 515 631 257 731 681 846 273 431 241 872 755 
816 241 271 29 273 784 732 486 692 803 763 29 606 
524 273 517 262 680 731 
442 443 815 425 271 257 731 875 453 763 705 241 872 755 
390 272 117 285 148 621 712 816 731 
501 823 525 274 6 150 731 
442 815 271 425 731 257 702 100 756 
442 443 815 271 425 731 257 702 90 756 
442 443 815 271 425 731 257 702 92 756 
273 714 581 816 601 731 696 35 872 106 
241 273 386 731 856 714 581 815 731 
501 823 525 274 766 17 150 731 
271 323 588 63 283 468 731 133 610 44 872 189 
273 714 581 731 696 44 872 134 
524 273 640 698 801 29 604 714 581 681 37 622 
323 468 273 453 731 133 610 54 85 129 143 
501 823 525 274 17 150 731 
525 273 283 801 714 581 323 131 731 681 186 
273 631 731 875 539 763 702 97 
273 631 731 850 257 875 539 358 654 284 763 
535 501 273 148 621 425 784 731 683 96 287 710 417 451 
273 358 567 631 731 842 857 844 
535 501 273 148 621 425 784 731 683 96 287 710 417 451 
535 501 273 148 621 425 784 731 683 96 287 710 419 451 
535 501 273 148 621 425 784 731 683 96 287 710 416 257 
535 501 273 148 621 425 784 699 731 683 96 287 710 415 
535 501 273 148 621 425 784 731 683 96 287 710 416 567 
492 348 525 274 712 148 621 681 763 364 798 
535 501 273 148 621 425 784 731 683 96 287 710 417 451 
492 348 525 274 525 631 731 
535 501 273 148 621 425 784 731 683 96 287 710 417 451 
535 501 273 148 621 425 784 731 683 96 287 710 417 283 
492 348 525 274 525 712 717 731 
634 469 801 875 606 
525 273 284 801 714 581 323 131 731 681 186 
535 501 273 148 621 425 784 731 683 96 287 710 416 257 
535 501 273 148 621 425 784 731 683 96 287 710 419 283 
535 501 273 148 621 425 784 731 683 96 287 710 416 257 
273 283 376 732 338 588 875 607 486 803 692 836 763 
525 273 447 801 714 581 323 131 731 681 186 
524 273 453 396 694 425 657 249 386 731 87 
524 273 498 396 694 425 814 657 249 386 731 87 
524 273 567 396 694 425 814 657 249 386 731 128 
273 386 731 63 148 610 583 816 803 697 462 267 43 63 143 
401 273 487 29 606 731 34 622 
794 187 273 731 875 677 816 571 848 241 872 755 
401 273 487 29 606 731 34 622 
794 187 273 731 875 677 830 571 848 241 872 755 
253 273 257 731 875 805 654 527 569 763 
148 621 498 731 875 692 803 836 763 
273 631 150 731 
273 631 731 850 257 875 539 358 654 284 763 
272 99 466 731 850 257 283 567 49 801 96 765 
479 766 474 272 376 731 875 691 801 29 763 41 622 
615 392 253 274 474 731 
253 273 735 850 257 875 663 262 569 763 
794 194 273 699 731 875 677 257 801 681 848 241 872 755 
794 145 766 273 756 753 425 735 801 571 686 589 184 
273 631 567 262 731 339 148 621 681 
273 631 257 731 875 654 763 
420 621 257 632 731 63 534 850 792 
524 273 634 323 714 581 731 763 681 34 622 
524 273 627 731 875 763 41 622 
148 621 257 875 447 627 731 875 447 763 63 702 128 
672 28 123 63 148 621 257 627 731 875 801 836 763 
525 273 699 801 714 581 323 131 731 681 186 
148 621 257 875 447 627 731 875 447 763 63 702 142 
524 257 800 801 714 581 323 131 731 681 271 186 
794 145 766 273 756 453 691 425 257 801 763 681 588 184 
148 621 257 875 447 627 731 875 447 763 63 702 110 
794 145 766 273 756 257 425 735 801 571 686 589 184 
524 283 800 801 714 581 323 131 731 681 271 186 
459 273 226 306 700 718 735 
524 257 800 801 714 581 323 731 681 271 79 
449 509 220 273 133 621 731 
524 257 800 801 714 581 323 731 681 271 159 
525 273 283 801 714 581 323 131 731 681 186 
524 257 800 801 714 581 323 731 681 271 128 
273 631 731 875 539 763 702 97 
525 273 498 714 581 815 386 156 731 681 86 
96 285 518 273 735 339 588 
525 273 284 801 714 581 323 131 731 681 186 
273 836 756 257 856 567 376 731 148 623 803 692 341 763 
525 273 447 801 714 581 323 131 731 681 186 
525 273 453 801 714 581 323 131 731 681 186 
816 241 271 29 273 784 732 486 692 803 763 29 606 
525 273 699 801 714 581 323 131 731 681 186 
497 331 273 801 731 681 37 622 
395 662 2 148 610 454 731 874 774 691 29 763 54 116 
395 662 2 148 610 454 731 874 774 691 29 763 54 132 
232 790 273 567 729 731 63 91 
395 662 2 148 610 454 731 874 774 691 29 763 54 147 
525 273 283 801 714 581 323 131 731 681 186 
572 273 701 278 133 285 567 262 376 731 59 655 29 475 
271 425 815 631 731 141 54 81 872 189 
273 731 148 610 257 376 731 875 257 763 
273 69 525 425 815 731 631 
572 273 370 278 46 567 262 376 732 705 195 872 100 
572 273 701 278 133 285 257 376 731 59 655 29 475 
271 425 815 631 731 141 54 81 872 189 
273 313 731 148 610 681 
206 273 787 285 376 731 681 41 622 
206 273 787 285 376 731 681 41 622 
205 787 285 453 725 148 611 271 376 731 681 702 431 241 872 755 
787 285 567 148 611 271 376 731 681 702 431 241 872 755 
205 787 285 529 283 768 725 148 611 271 731 681 702 431 241 872 755 
787 285 262 148 611 271 376 731 681 702 431 241 872 755 
787 285 283 148 611 271 376 731 681 702 431 241 872 755 
787 285 567 148 611 271 376 731 681 727 28 122 702 431 241 872 755 
205 787 285 264 333 148 611 271 731 681 702 431 241 872 755 
206 273 787 285 376 731 681 41 622 
205 787 285 245 768 725 148 611 271 376 731 681 702 431 241 872 755 
205 787 285 567 148 611 271 376 731 681 702 431 241 872 755 
205 787 285 283 148 611 271 376 731 681 702 431 241 872 755 
205 787 285 451 725 148 611 271 376 731 681 702 431 241 872 755 
205 787 285 451 148 611 271 376 731 681 702 431 241 872 755 
206 273 787 285 376 731 41 622 
787 285 257 148 611 271 376 731 681 702 431 241 872 755 
205 787 285 330 283 148 611 271 376 731 681 702 431 241 872 755 
205 787 285 567 631 148 611 271 376 731 681 702 431 241 872 755 
205 787 285 257 148 611 271 376 731 727 784 681 702 431 241 872 755 
206 273 787 285 725 376 731 681 41 622 
205 787 285 257 631 148 611 271 376 731 681 702 431 241 872 755 
787 285 310 148 611 271 376 731 681 702 431 241 872 755 
205 787 285 257 148 611 271 376 731 681 702 431 133 872 100 
205 787 285 350 148 611 271 376 731 681 702 431 241 872 755 
205 787 285 567 725 148 611 271 376 731 681 702 431 241 872 755 
787 285 567 148 611 271 376 731 681 727 28 103 702 431 241 872 755 
206 273 787 285 376 731 681 41 622 
272 567 731 681 875 420 624 
205 787 285 816 148 611 271 376 731 727 784 681 702 431 241 872 755 
205 787 285 310 725 148 611 271 376 731 681 702 431 241 872 755 
787 285 257 148 611 271 376 731 681 727 28 228 702 431 241 872 755 
591 799 793 153 210 478 585 434 843 248 731 
206 273 787 285 376 731 681 41 622 
272 29 756 371 376 731 151 257 856 567 702 133 872 100 
206 273 787 285 376 731 41 622 
787 285 257 30 148 611 271 376 731 681 702 431 241 872 755 
206 273 787 285 376 731 41 622 
787 285 816 148 611 271 376 731 681 727 28 229 702 431 241 872 755 
205 787 285 257 631 148 611 271 376 731 681 702 431 241 872 755 
272 257 731 681 875 420 624 
219 525 274 745 801 
493 515 376 795 273 365 731 681 
148 621 498 731 875 692 803 836 763 
148 621 272 376 731 875 692 803 836 763 
442 443 273 736 522 261 731 801 377 681 
272 99 466 731 850 257 283 567 49 801 96 765 
479 766 474 272 376 731 875 691 801 29 763 41 622 
493 515 752 731 681 846 273 431 241 872 755 
291 273 787 285 731 259 29 604 39 
442 443 425 731 681 699 846 273 431 241 872 755 
273 358 567 631 731 842 857 844 
272 99 540 731 850 618 856 699 49 801 96 765 
480 541 253 274 718 259 
411 283 631 273 501 832 117 860 643 731 
442 443 425 273 501 376 731 811 691 431 241 872 755 
493 515 568 333 758 731 681 846 273 431 241 872 755 
411 690 699 454 687 273 501 832 117 860 643 731 
493 515 564 333 758 731 681 846 273 431 241 872 755 
493 515 273 758 731 681 
493 515 283 333 758 731 681 846 273 431 241 872 755 
493 515 257 711 631 731 681 846 273 431 241 872 755 
442 443 271 257 731 875 712 654 763 431 241 872 755 
442 443 425 271 257 731 875 342 629 763 241 872 755 
253 273 735 850 257 875 663 262 569 763 
480 541 253 274 88 450 731 
674 329 253 274 25 150 731 
634 469 801 875 606 
501 823 253 274 20 150 731 
794 271 677 688 510 735 784 875 284 266 763 801 686 53 
390 272 117 285 148 621 257 631 731 
275 133 63 621 726 680 272 731 850 517 262 
442 443 425 271 283 731 875 629 763 240 872 756 
390 272 117 285 148 621 310 631 731 
411 690 257 687 273 501 832 117 860 643 731 
794 271 677 688 510 735 784 875 663 262 266 763 801 686 666 
524 273 627 731 875 763 41 622 
794 273 677 688 510 735 785 520 453 266 763 801 686 589 
390 272 117 285 148 621 567 631 731 
501 823 253 274 18 150 731 
395 662 253 274 27 150 731 
794 273 677 688 510 735 784 875 447 266 763 801 686 241 755 
442 443 815 425 271 257 731 875 654 763 705 241 872 755 
501 823 253 274 14 150 731 
493 515 584 453 333 758 731 681 846 273 431 241 872 755 
493 515 631 257 731 681 846 273 431 241 872 755 
572 273 701 278 133 285 816 376 731 59 655 29 475 
794 273 677 688 510 735 784 875 654 266 763 801 681 588 666 
794 273 677 688 510 735 784 875 830 266 763 801 686 589 
674 329 253 274 7 258 150 731 
672 28 123 63 148 621 257 627 731 875 801 836 763 
442 443 815 425 271 257 731 875 453 763 705 241 872 755 
390 272 117 285 148 621 712 816 731 
390 272 117 285 148 621 712 257 731 
740 501 273 133 610 99 787 770 731 144 567 498 56 531 
740 501 273 133 610 99 787 770 731 95 567 498 56 531 
148 621 257 875 447 627 731 875 447 763 63 702 148 
524 273 731 63 726 498 680 36 63 124 
148 621 257 875 447 627 731 875 447 763 63 702 158 
794 271 677 688 510 735 784 875 648 266 763 801 681 241 755 
794 273 677 688 510 735 784 875 699 266 763 801 686 589 
794 273 677 688 510 735 784 875 283 266 763 801 686 53 
524 273 640 698 801 29 604 714 581 681 37 622 
501 823 582 792 273 150 634 731 681 
794 271 677 688 510 731 784 875 358 451 266 763 801 686 53 
501 823 253 274 23 150 731 
794 273 688 510 735 784 875 389 648 266 763 801 686 666 
483 525 274 464 466 801 681 
794 271 677 688 510 731 784 875 433 629 266 763 801 681 666 
496 525 274 766 26 426 150 731 
411 310 454 273 501 832 117 860 643 731 
253 273 257 731 875 805 654 527 569 763 
148 621 257 875 447 627 731 875 447 763 63 702 188 
794 273 677 688 510 735 784 875 517 309 801 681 589 
501 823 582 792 273 150 270 634 731 
572 273 370 278 46 257 376 732 705 195 872 100 
501 823 253 274 150 731 
524 257 800 801 714 581 323 731 681 271 188 
794 273 677 688 510 735 784 875 816 266 763 801 681 241 755 
794 271 677 688 510 735 784 875 342 654 266 763 801 681 53 
794 273 677 688 510 735 784 875 567 262 266 763 801 686 666 
794 273 677 688 510 735 784 875 587 266 763 801 686 589 
524 257 800 801 714 581 323 731 681 271 158 
501 823 253 274 9 150 731 
390 273 156 712 731 
501 823 253 274 13 150 731 
794 271 677 688 510 735 784 875 453 753 266 763 801 686 666 
501 823 253 274 10 150 731 
794 273 677 688 510 735 784 875 482 266 763 801 681 241 755 
483 525 274 246 725 801 681 
483 525 274 246 725 801 681 96 
501 823 253 274 11 150 731 
794 273 677 688 510 735 784 875 782 266 763 801 686 666 
501 823 582 792 273 130 150 731 
740 501 273 133 610 99 787 770 731 95 567 454 56 531 
794 273 677 688 510 735 785 875 519 266 763 801 686 589 
794 273 677 688 510 735 784 875 557 266 763 801 686 588 
740 501 273 133 610 99 787 770 731 144 567 454 56 531 
273 631 731 875 539 763 702 97 
291 273 731 875 691 836 801 42 
493 515 376 795 273 365 731 681 
148 621 272 376 731 875 692 803 836 763 
295 503 376 795 253 274 631 804 731 
272 99 466 731 850 257 283 567 49 801 96 765 
493 515 752 731 681 846 273 431 241 872 755 
291 273 787 285 731 259 29 604 39 
483 501 253 274 474 259 
492 348 253 274 784 575 744 731 
148 621 358 451 627 731 875 699 763 
442 443 425 273 501 376 731 811 691 431 241 872 755 
740 501 273 117 285 368 485 731 875 801 
493 515 568 333 758 731 681 846 273 431 241 872 755 
295 503 253 274 251 485 
493 515 564 333 758 731 681 846 273 431 241 872 755 
493 515 273 758 731 681 
493 515 283 333 758 731 681 846 273 431 241 872 755 
493 515 257 711 631 731 681 846 273 431 241 872 755 
442 443 271 257 731 875 712 654 763 431 241 872 755 
442 443 425 271 257 731 875 342 629 763 241 872 755 
96 621 567 262 370 278 731 
275 133 63 621 726 680 272 731 850 498 
794 194 273 699 731 875 677 257 801 681 848 241 872 755 
794 145 766 273 756 753 425 735 801 571 686 589 184 
492 348 253 274 784 744 731 
501 374 273 119 376 731 41 622 
524 273 751 731 875 692 801 29 763 41 622 
493 515 273 731 681 
275 133 63 621 726 680 272 731 850 517 262 
295 503 253 274 687 262 360 485 
740 501 273 133 621 99 787 770 386 260 731 
442 443 425 271 283 731 875 629 763 240 872 756 
202 532 273 712 259 485 63 162 
821 423 148 624 271 731 
148 624 271 731 875 801 
740 501 567 746 145 259 691 606 763 731 681 273 135 
480 541 253 274 82 490 731 
525 273 257 714 581 815 386 156 731 681 86 
442 443 815 425 271 257 731 875 284 763 705 241 872 755 
148 624 271 731 875 801 
202 532 273 567 651 404 631 259 63 163 
202 532 273 257 650 404 631 259 63 164 
442 443 815 425 271 257 731 875 654 763 705 241 872 755 
304 265 525 274 263 731 57 63 567 
493 515 584 453 333 758 731 681 846 273 431 241 872 755 
493 515 631 257 731 681 846 273 431 241 872 755 
148 624 271 731 875 801 
740 501 567 451 145 259 691 606 763 731 681 273 135 
390 272 96 285 148 621 690 454 699 731 
148 624 271 731 875 801 
567 726 680 133 610 731 
96 621 257 370 278 731 
501 823 582 792 273 150 731 681 
524 386 657 249 262 680 731 816 606 766 273 142 
96 621 816 370 278 414 337 731 
766 273 451 714 581 815 386 156 731 681 96 
442 443 815 425 271 257 731 875 453 763 705 241 872 755 
395 662 253 274 2 150 731 
524 386 657 249 517 262 680 731 766 273 110 
524 386 657 249 262 680 731 816 606 766 273 128 
501 823 582 792 273 634 731 41 622 
501 823 855 792 273 150 731 681 
501 823 582 792 273 112 150 314 731 
766 273 257 714 581 815 386 156 731 681 133 
273 815 323 856 468 731 875 699 801 148 610 681 54 96 872 78 
794 145 766 273 756 453 691 425 257 801 763 681 588 184 
241 271 567 425 714 581 815 386 156 731 681 105 
501 823 582 792 273 150 634 731 
208 273 681 875 486 607 692 527 764 836 801 
525 271 567 425 714 581 815 386 156 731 77 
271 323 731 588 63 815 273 731 447 300 54 96 872 196 468 731 
766 273 482 714 581 815 386 156 731 681 96 
794 145 766 273 755 808 425 735 801 571 686 589 184 
273 257 815 731 875 699 801 148 610 681 54 68 872 702 196 
271 731 148 610 681 
659 211 63 273 96 621 513 731 
272 29 756 371 376 731 151 257 856 567 702 133 872 100 
148 621 498 731 875 692 803 836 763 
525 273 498 714 581 815 386 156 731 681 86 
272 99 466 731 850 257 283 567 49 801 96 765 
492 348 253 274 784 575 744 731 
615 392 253 274 474 731 
272 99 540 731 850 618 856 699 49 801 96 765 
740 501 273 117 285 368 485 731 875 801 
273 710 731 850 451 758 377 
96 621 567 262 370 278 731 
272 390 358 454 117 621 96 285 577 510 731 
492 348 253 274 784 744 731 
501 374 273 119 376 731 41 622 
794 271 677 688 510 735 784 875 284 266 763 801 686 53 
740 501 273 148 610 370 278 731 
740 501 567 746 145 259 691 606 763 731 681 273 135 
794 271 677 688 510 735 784 875 663 262 266 763 801 686 666 
524 273 627 731 875 763 41 622 
794 273 677 688 510 735 785 520 453 266 763 801 686 589 
794 273 677 688 510 735 784 875 447 266 763 801 686 241 755 
794 273 677 688 510 735 784 875 654 266 763 801 681 588 666 
524 386 657 249 262 680 731 816 606 273 702 188 
794 273 677 688 510 735 784 875 830 266 763 801 686 589 
740 501 567 451 145 259 691 606 763 731 681 273 135 
96 621 257 370 278 731 
148 621 257 875 447 627 731 875 447 763 63 702 195 
672 28 123 63 148 621 257 627 731 875 801 836 763 
96 621 816 370 278 414 337 731 
148 621 257 875 447 627 731 875 447 763 63 702 71 
794 271 677 688 510 735 784 875 648 266 763 801 681 241 755 
794 273 677 688 510 735 784 875 816 266 763 801 681 241 755 
794 271 677 688 510 735 784 875 342 654 266 763 801 681 53 
794 273 677 688 510 735 784 875 567 262 266 763 801 686 666 
794 273 677 688 510 735 784 875 482 266 763 801 681 241 755 
794 273 677 688 510 735 784 875 517 309 801 681 589 
401 273 487 29 606 731 34 622 
401 273 487 29 606 731 34 622 
148 621 257 875 447 627 731 875 447 763 63 702 77 
794 273 677 688 510 735 784 875 699 266 763 801 686 589 
794 271 677 688 510 735 784 875 453 753 266 763 801 686 666 
794 273 677 688 510 735 784 875 283 266 763 801 686 53 
489 253 273 626 725 731 29 485 62 692 607 764 801 
794 273 677 688 510 735 784 875 587 266 763 801 686 589 
401 273 487 29 606 731 34 622 
794 271 677 688 510 731 784 875 358 451 266 763 801 686 53 
794 271 677 688 510 731 784 875 433 629 266 763 801 681 666 
794 273 677 688 510 735 784 875 782 266 763 801 686 666 
794 273 677 688 510 735 785 875 519 266 763 801 686 589 
272 29 756 371 376 731 151 257 856 567 702 133 872 100 
794 273 688 510 735 784 875 389 648 266 763 801 686 666 
794 273 677 688 510 735 784 875 557 266 763 801 686 588 
148 621 257 875 447 627 731 875 447 763 63 702 89 
291 273 731 875 691 836 801 42 
291 273 787 285 731 259 29 604 39 
740 501 273 117 285 368 485 731 875 801 
493 515 273 347 261 731 431 241 872 755 
206 273 787 285 376 731 681 41 622 
206 273 787 285 376 731 681 41 622 
96 621 567 262 370 278 731 
205 787 285 453 725 148 611 271 376 731 681 702 431 241 872 755 
214 399 525 274 126 466 731 
787 285 567 148 611 271 376 731 681 702 431 241 872 755 
794 194 273 699 731 875 677 257 801 681 848 241 872 755 
205 787 285 529 283 768 725 148 611 271 731 681 702 431 241 872 755 
787 285 262 148 611 271 376 731 681 702 431 241 872 755 
787 285 283 148 611 271 376 731 681 702 431 241 872 755 
214 399 253 274 712 717 731 
787 285 567 148 611 271 376 731 681 727 28 122 702 431 241 872 755 
205 787 285 264 333 148 611 271 731 681 702 431 241 872 755 
206 273 787 285 376 731 681 41 622 
493 515 273 731 681 
205 787 285 245 768 725 148 611 271 376 731 681 702 431 241 872 755 
205 787 285 567 148 611 271 376 731 681 702 431 241 872 755 
205 787 285 283 148 611 271 376 731 681 702 431 241 872 755 
205 787 285 451 725 148 611 271 376 731 681 702 431 241 872 755 
390 272 117 285 148 621 257 631 731 
214 399 525 274 4 150 731 
492 348 525 274 525 148 621 409 631 731 
740 501 273 133 621 99 787 770 386 260 731 
740 501 273 148 621 99 310 386 376 731 
493 515 273 346 283 736 731 431 241 872 755 
390 272 117 285 148 621 310 631 731 
205 787 285 451 148 611 271 376 731 681 702 431 241 872 755 
202 532 273 712 259 485 63 162 
740 501 273 117 285 257 715 731 875 334 801 
493 515 273 346 706 262 736 731 431 241 872 755 
206 273 787 285 376 731 41 622 
148 624 271 731 875 801 
427 272 439 150 731 
787 285 257 148 611 271 376 731 681 702 431 241 872 755 
524 273 691 731 681 148 621 731 875 691 801 29 763 
148 624 271 731 875 801 
205 787 285 330 283 148 611 271 376 731 681 702 431 241 872 755 
390 272 117 285 148 621 567 631 731 
202 532 273 567 651 404 631 259 63 163 
202 532 273 257 650 404 631 259 63 164 
205 787 285 567 631 148 611 271 376 731 681 702 431 241 872 755 
480 541 525 274 525 82 490 731 
205 787 285 257 148 611 271 376 731 727 784 681 702 431 241 872 755 
206 273 787 285 725 376 731 681 41 622 
148 624 271 731 875 801 
205 787 285 257 631 148 611 271 376 731 681 702 431 241 872 755 
787 285 310 148 611 271 376 731 681 702 431 241 872 755 
493 515 567 731 681 846 273 431 241 872 755 
148 624 271 731 875 801 
205 787 285 257 148 611 271 376 731 681 702 431 133 872 100 
492 348 273 22 150 731 
96 621 257 370 278 731 
96 621 816 370 278 414 337 731 
205 787 285 350 148 611 271 376 731 681 702 431 241 872 755 
390 272 117 285 148 621 712 816 731 
427 272 280 439 150 731 
501 823 253 274 474 150 731 
390 272 117 285 148 621 712 257 731 
205 787 285 567 725 148 611 271 376 731 681 702 431 241 872 755 
492 348 525 274 22 150 731 
205 787 285 257 631 148 611 271 376 731 681 702 431 241 872 755 
787 285 567 148 611 271 376 731 681 727 28 103 702 431 241 872 755 
489 273 626 725 731 875 485 62 692 607 764 801 
566 525 274 542 749 801 681 
205 787 285 816 148 611 271 376 731 727 784 681 702 431 241 872 755 
566 525 274 255 801 681 
492 348 525 274 766 5 150 731 
206 273 787 285 376 731 681 41 622 
576 273 701 278 631 734 681 
205 787 285 310 725 148 611 271 376 731 681 702 431 241 872 755 
272 567 731 681 875 420 624 
206 273 787 285 376 731 681 41 622 
208 511 273 731 148 621 681 
355 273 257 731 681 875 486 607 692 763 836 801 
401 273 487 29 606 731 34 622 
501 823 253 274 474 9 150 731 
205 787 285 567 631 148 611 271 376 731 681 702 431 241 872 755 
206 273 787 285 376 731 41 622 
787 285 257 148 611 271 376 731 681 727 28 228 702 431 241 872 755 
272 735 148 621 310 451 731 875 691 801 836 763 
787 285 816 148 611 271 376 731 681 727 28 229 702 431 241 872 755 
787 285 257 30 148 611 271 376 731 681 702 431 241 872 755 
401 273 487 29 606 731 34 622 
566 525 274 464 466 801 681 
617 273 820 731 34 622 
501 823 253 274 19 150 731 
401 273 487 29 606 731 34 622 
566 525 274 408 634 801 681 
501 823 253 274 6 150 731 
206 273 787 285 376 731 41 622 
492 348 273 22 731 41 622 
241 784 273 324 368 485 784 875 801 45 872 104 552 
272 257 731 681 875 420 624 
566 525 274 758 466 731 681 
566 525 274 454 379 731 681 
493 515 376 795 273 365 731 681 
272 99 466 731 850 257 283 567 49 801 96 765 
492 348 525 274 525 631 731 
214 399 253 274 690 758 731 
492 348 253 274 631 731 
740 501 273 117 285 368 485 731 875 801 
493 515 273 347 261 731 431 241 872 755 
273 710 731 850 451 758 377 
161 425 272 257 731 315 801 763 195 336 48 
566 525 274 308 731 681 
493 515 273 758 731 681 
794 194 273 699 731 875 677 257 801 681 848 241 872 755 
501 374 273 119 376 731 41 622 
493 515 273 731 681 
480 541 525 274 525 769 259 
202 532 273 712 458 259 485 63 165 
200 385 273 712 117 621 731 63 668 
794 271 677 688 510 735 784 875 284 266 763 801 686 53 
740 501 273 133 621 99 787 770 386 260 731 
740 501 273 148 621 99 310 386 376 731 
493 515 273 346 283 736 731 431 241 872 755 
740 501 273 117 285 257 715 731 875 334 801 
493 515 273 346 706 262 736 731 431 241 872 755 
740 501 273 148 610 370 278 731 
821 423 148 624 271 731 
148 624 271 731 875 801 
740 501 567 746 145 259 691 606 763 731 681 273 135 
794 271 677 688 510 735 784 875 663 262 266 763 801 686 666 
148 624 271 731 875 801 
524 273 627 731 875 763 41 622 
216 29 398 525 274 759 254 468 259 485 
794 273 677 688 510 735 785 520 453 266 763 801 686 589 
480 541 525 274 525 82 490 731 
794 273 677 688 510 735 784 875 447 266 763 801 686 241 755 
484 292 273 120 631 731 63 289 
148 624 271 731 875 801 
794 273 677 688 510 735 784 875 654 266 763 801 681 588 666 
794 273 677 688 510 735 784 875 830 266 763 801 686 589 
740 501 567 451 145 259 691 606 763 731 681 273 135 
390 272 96 285 148 621 690 454 699 731 
493 515 567 731 681 846 273 431 241 872 755 
148 624 271 731 875 801 
96 621 257 370 278 731 
96 621 816 370 278 414 337 731 
484 292 273 257 466 120 731 63 596 
427 272 280 439 150 731 
493 515 451 333 731 681 846 273 431 241 872 755 
200 385 273 567 631 117 621 731 63 198 
525 273 654 634 323 714 581 131 731 763 681 186 
794 273 677 688 510 735 784 875 567 262 266 763 801 686 666 
794 273 677 688 510 735 784 875 482 266 763 801 681 241 755 
208 253 273 731 148 621 681 
794 271 677 688 510 735 784 875 648 266 763 801 681 241 755 
794 273 677 688 510 735 784 875 699 266 763 801 686 589 
794 273 688 510 735 784 875 389 648 266 763 801 686 666 
794 271 677 688 510 735 784 875 453 753 266 763 801 686 666 
794 273 677 688 510 735 784 875 283 266 763 801 686 53 
794 273 677 688 510 735 784 875 816 266 763 801 681 241 755 
794 273 677 688 510 735 784 875 517 309 801 681 589 
484 292 273 567 466 120 731 63 192 
273 731 286 372 485 875 606 257 702 158 
794 271 677 688 510 731 784 875 358 451 266 763 801 686 53 
794 271 677 688 510 731 784 875 433 629 266 763 801 681 666 
794 273 677 688 510 735 784 875 782 266 763 801 686 666 
794 273 677 688 510 735 785 875 519 266 763 801 686 589 
794 273 677 688 510 735 784 875 587 266 763 801 686 589 
355 511 273 257 731 681 875 486 607 692 763 836 801 
794 425 815 241 766 273 755 358 751 801 763 735 210 705 
794 271 677 688 510 735 784 875 342 654 266 763 801 681 53 
794 273 677 688 510 735 784 875 557 266 763 801 686 588 
273 257 815 731 875 699 801 148 610 681 54 68 872 702 196 
576 511 273 701 278 631 734 681 
740 501 310 156 386 714 581 425 731 273 135 
291 273 731 875 691 836 801 42 
493 515 376 795 273 365 731 681 
480 545 525 274 525 717 800 259 
492 348 253 274 148 598 722 631 731 
492 348 253 274 631 731 
740 501 273 117 285 368 485 731 875 801 
492 348 253 274 712 731 
493 515 273 347 261 731 431 241 872 755 
480 545 253 274 717 800 259 
273 710 731 850 451 758 377 
492 348 253 274 148 598 310 -1 731 
480 545 525 274 525 713 259 485 
493 515 273 758 731 681 
301 271 731 787 285 257 727 382 702 655 195 63 101 474 71 63 100 
301 271 731 787 285 451 727 382 702 655 195 63 101 474 71 63 100 
301 271 376 731 257 787 285 702 655 195 63 101 474 71 63 100 
492 348 253 274 150 712 717 731 
272 390 358 454 117 621 96 285 577 510 731 
301 271 731 451 787 285 727 384 702 655 195 63 101 474 71 63 100 
301 271 376 731 567 631 787 285 702 655 195 63 101 474 71 63 100 
301 271 376 731 451 631 787 285 702 655 195 63 101 474 71 63 100 
301 271 731 257 631 787 285 702 655 195 63 101 474 71 63 100 
794 271 677 688 510 735 784 875 284 266 763 801 686 53 
740 501 273 148 621 99 310 386 376 731 
493 515 273 346 283 736 731 431 241 872 755 
493 515 273 346 706 262 736 731 431 241 872 755 
301 271 731 787 285 567 727 382 702 655 195 63 101 474 71 63 100 
740 501 273 148 610 370 278 731 
301 271 376 731 257 787 285 702 655 195 63 101 474 71 63 100 
492 348 253 274 148 598 409 631 731 
480 545 253 274 712 800 259 485 
794 271 677 688 510 735 784 875 663 262 266 763 801 686 666 
794 273 677 688 510 735 785 520 453 266 763 801 686 589 
158 621 272 376 731 875 692 803 780 836 763 54 193 
158 621 272 376 731 875 692 803 780 836 763 54 155 
794 273 677 688 510 735 784 875 447 266 763 801 686 241 755 
301 271 376 731 257 725 787 285 702 655 195 63 101 474 71 63 100 
794 273 677 688 510 735 784 875 654 266 763 801 681 588 666 
794 273 677 688 510 735 784 875 830 266 763 801 686 589 
158 621 272 376 731 875 692 803 780 836 763 54 75 
295 503 253 274 359 377 485 
794 273 688 510 735 784 875 389 648 266 763 801 686 666 
202 532 273 257 725 96 621 731 63 176 
794 273 677 688 510 735 784 875 816 266 763 801 681 241 755 
344 241 273 702 118 257 714 581 815 156 731 
202 532 273 310 631 96 621 731 63 174 
794 273 677 688 510 735 784 875 482 266 763 801 681 241 755 
272 390 250 96 621 117 285 577 510 731 
301 271 731 257 787 285 727 383 702 655 195 63 101 474 71 63 100 
794 273 677 688 510 735 784 875 699 266 763 801 686 589 
794 273 677 688 510 735 784 875 283 266 763 801 686 53 
158 621 272 376 731 875 692 803 780 836 763 54 143 
572 273 701 278 117 621 527 257 631 834 376 731 875 801 
794 271 677 688 510 735 784 875 342 654 266 763 801 681 53 
794 273 677 688 510 735 784 875 567 262 266 763 801 686 666 
616 215 273 468 801 121 681 77 853 
794 273 677 688 510 735 785 875 519 266 763 801 686 589 
390 273 156 712 731 
616 215 273 468 801 121 681 104 853 
273 731 681 65 257 875 262 633 
344 766 273 702 110 257 714 581 815 156 731 
794 271 677 688 510 731 784 875 358 451 266 763 801 686 53 
344 766 273 702 110 567 714 581 815 156 731 
794 271 677 688 510 735 784 875 453 753 266 763 801 686 666 
794 271 677 688 510 731 784 875 433 629 266 763 801 681 666 
794 273 677 688 510 735 784 875 782 266 763 801 686 666 
344 241 273 702 160 567 714 581 815 156 731 
794 273 677 688 510 735 784 875 557 266 763 801 686 588 
344 241 273 702 199 257 714 581 815 156 731 
344 766 273 702 128 257 714 581 815 156 731 
344 241 273 702 160 257 714 581 815 156 731 
572 273 701 278 117 621 527 816 631 834 376 731 875 801 
344 241 273 702 199 567 714 581 815 156 731 
794 271 677 688 510 735 784 875 648 266 763 801 681 241 755 
301 271 731 257 787 285 727 381 702 655 195 63 101 474 71 63 100 
202 532 273 567 631 96 621 731 63 175 
794 273 677 688 510 735 784 875 517 309 801 681 589 
158 621 272 376 731 875 692 803 780 836 763 54 76 
794 273 677 688 510 735 784 875 587 266 763 801 686 589 
344 525 273 702 133 567 714 581 815 156 731 
344 241 273 702 118 567 714 581 815 156 731 
740 501 273 117 285 368 485 731 875 801 
272 390 257 117 621 96 285 725 609 731 
200 385 273 117 621 310 731 63 74 
272 390 358 454 117 621 96 285 577 510 731 
273 121 378 739 801 588 681 110 
794 194 273 699 731 875 677 257 801 681 848 241 872 755 
501 374 273 119 376 731 41 622 
493 515 273 731 681 
200 385 273 712 117 621 731 63 668 
740 501 273 148 621 99 310 386 376 731 
740 501 273 117 285 257 715 731 875 334 801 
821 423 148 624 271 731 
480 541 525 274 525 88 450 731 
202 532 273 257 758 96 621 731 63 173 
202 532 273 310 631 96 621 731 63 172 
202 532 273 257 725 96 621 671 731 63 179 
273 425 801 681 104 853 
208 400 253 273 731 148 621 681 
740 501 310 156 386 714 581 425 731 273 135 
355 253 273 257 731 681 875 486 607 692 763 836 801 
202 532 273 567 631 96 621 731 63 171 
576 253 273 701 278 631 734 681 
225 272 140 731 681 
566 376 795 253 274 212 725 731 
493 515 273 346 816 736 731 431 241 872 755 
493 515 273 347 261 731 431 241 872 755 
615 392 253 274 777 822 438 731 
615 392 253 274 710 726 731 
214 399 253 274 117 621 310 731 
794 156 766 273 755 567 262 425 735 801 571 681 588 97 
794 156 766 273 756 584 425 815 735 801 571 686 97 
273 590 148 621 731 850 158 336 
794 156 766 273 756 554 584 453 425 815 608 735 97 
273 590 148 621 257 731 875 335 801 850 188 336 
794 156 766 273 756 250 425 735 801 571 686 589 97 
794 156 766 273 756 451 425 735 801 571 686 589 97 
794 156 766 273 755 262 425 815 735 801 763 681 589 97 
767 467 525 274 209 259 
493 515 273 731 681 
202 532 273 310 631 117 621 458 731 63 168 
214 399 253 274 117 621 466 731 
214 399 525 274 525 690 758 731 
794 156 766 273 755 816 425 735 801 571 686 589 97 
794 156 766 271 755 517 638 648 425 735 801 571 681 97 
615 392 253 274 726 731 
794 156 766 273 756 257 425 815 735 785 801 686 97 
214 399 525 274 127 310 731 
223 538 273 710 415 731 33 622 
821 423 148 624 271 731 
148 624 271 731 875 801 
740 501 273 117 285 368 485 731 875 801 47 703 
223 538 273 631 731 33 622 
148 624 271 731 875 801 
273 148 621 257 856 567 262 816 631 731 
148 624 271 731 875 801 
223 538 273 731 33 622 
148 624 271 731 875 801 
223 538 273 710 415 725 731 33 622 
223 538 273 710 415 731 33 622 
615 392 525 274 712 731 
281 282 525 274 680 780 495 
794 156 766 273 756 498 425 768 725 735 801 763 686 97 
363 273 567 800 396 731 
223 538 273 731 33 622 
794 156 766 273 756 358 451 425 768 725 735 801 686 97 
794 156 766 273 756 574 453 425 815 735 801 763 686 97 
344 273 702 188 567 714 581 815 156 731 
202 532 273 451 651 404 731 63 178 
223 538 273 731 33 622 
223 538 273 710 415 731 33 622 
202 532 273 310 671 404 631 731 63 181 
202 532 273 567 631 117 621 458 731 63 169 
794 156 766 273 756 389 425 815 735 801 763 686 97 
794 156 766 273 755 517 283 425 815 735 801 763 686 97 
223 538 273 725 731 33 622 
794 156 766 273 755 583 816 425 735 801 571 681 588 97 
202 532 273 451 671 404 731 63 182 
572 272 117 621 50 606 29 802 350 51 527 834 376 731 
217 440 273 257 324 148 610 681 784 731 702 90 
794 156 766 273 755 673 847 735 801 686 589 613 510 97 
202 532 273 310 651 404 631 731 63 177 
794 156 766 273 756 451 634 425 815 735 801 589 97 
794 156 766 273 756 584 453 425 735 801 686 613 510 97 
477 533 273 567 725 96 621 822 731 63 559 
794 156 766 273 756 358 262 425 815 735 801 763 686 97 
794 156 766 273 755 430 262 425 815 735 801 763 686 97 
477 533 273 310 96 621 822 731 63 592 
344 525 273 702 158 257 714 581 815 156 731 
794 156 766 273 756 262 634 425 815 735 801 589 97 
202 532 273 567 671 404 631 731 63 180 
223 538 273 710 415 731 33 622 
355 400 253 257 731 681 875 486 607 692 763 836 801 
223 538 273 731 33 622 
344 273 702 188 257 714 581 815 156 731 
794 156 766 273 755 257 425 735 801 571 686 589 97 
344 525 273 702 148 816 714 581 815 156 731 
784 801 836 818 244 763 63 16 520 366 455 609 
272 96 285 257 390 148 621 701 278 577 510 731 
482 273 731 875 691 836 763 
202 532 273 257 671 404 631 731 63 183 
223 538 273 710 415 631 731 33 622 
233 332 274 815 731 875 677 778 117 621 
794 156 766 273 755 257 425 324 735 801 686 589 97 
477 533 273 712 96 621 822 731 63 102 
213 274 96 621 588 
281 282 253 274 738 351 125 473 801 322 
295 503 376 795 253 274 412 658 725 731 
295 503 376 795 253 274 562 631 804 731 
493 515 273 346 816 736 731 431 241 872 755 
794 156 766 273 755 451 425 324 731 801 763 686 589 97 
493 515 273 347 261 731 431 241 872 755 
794 156 766 273 755 567 262 425 735 801 571 681 588 97 
794 156 766 273 756 584 425 815 735 801 571 686 97 
794 156 766 273 756 554 584 453 425 815 608 735 97 
615 392 253 274 474 726 731 
794 156 766 273 755 262 425 815 735 801 763 681 589 97 
200 385 273 712 117 621 731 63 668 
794 156 766 273 756 517 706 262 425 815 735 801 686 97 
794 156 766 273 755 816 425 735 801 571 686 589 97 
794 156 766 271 755 517 638 648 425 735 801 571 681 97 
295 503 376 795 253 274 716 725 801 731 
794 156 766 273 756 257 425 815 735 785 801 686 97 
223 538 273 710 415 731 33 622 
615 392 253 274 542 632 731 
821 423 148 624 271 731 
202 532 273 567 836 816 731 875 268 63 167 
794 156 766 273 756 257 425 768 725 735 801 763 686 97 
295 503 376 795 253 274 460 731 
223 538 273 631 731 33 622 
615 392 253 274 726 731 
367 273 439 363 396 731 
223 538 273 731 33 622 
787 621 273 681 
223 538 273 710 415 731 33 622 
281 282 253 274 738 351 473 604 322 
281 282 525 274 279 746 438 495 
281 282 525 274 572 783 604 822 495 
794 156 766 273 756 498 425 768 725 735 801 763 686 97 
223 538 273 731 33 622 
794 156 766 273 756 262 634 425 815 735 801 589 97 
202 532 273 451 651 404 731 63 178 
223 538 273 731 33 622 
459 273 820 306 639 760 813 328 681 
213 274 96 621 588 
794 156 766 273 756 451 634 425 815 735 801 589 97 
202 532 273 451 634 731 875 268 63 166 
223 538 273 725 731 33 622 
794 156 766 273 756 358 451 425 768 725 735 801 686 97 
794 156 766 273 755 673 847 735 801 686 589 613 510 97 
548 241 838 312 133 621 731 
202 532 273 310 651 404 631 731 63 177 
202 532 273 310 671 404 631 731 63 181 
794 156 766 273 756 584 453 425 735 801 686 613 510 97 
794 156 766 273 755 257 425 735 801 571 686 589 97 
794 156 766 273 756 358 262 425 815 735 801 763 686 97 
794 156 766 273 756 283 425 735 785 801 571 686 97 
344 273 702 77 816 714 581 815 156 731 
344 273 702 77 567 714 581 815 156 731 
202 532 273 451 671 404 731 63 182 
344 273 702 195 310 714 581 815 156 731 
219 525 274 96 621 324 547 731 
216 29 398 525 274 466 485 836 604 681 
219 525 274 787 621 547 731 
219 525 274 324 787 621 547 731 
219 525 274 787 621 324 547 731 
295 503 376 795 253 274 474 628 804 731 
219 525 274 787 621 324 547 731 
794 156 766 273 755 451 425 324 731 801 763 686 589 97 
219 525 274 787 621 324 547 731 
219 253 274 787 621 324 547 731 478 544 
295 503 376 795 253 274 716 725 804 731 
494 204 273 655 136 474 80 712 257 822 731 
480 541 253 274 88 450 731 
794 156 766 273 755 517 451 425 324 731 801 681 588 97 
281 282 253 274 96 285 485 644 
227 273 701 278 567 634 364 376 731 34 622 
810 253 274 356 731 
224 538 273 117 621 701 278 376 731 63 358 567 55 149 
273 148 285 414 470 337 731 63 816 
202 532 273 567 836 816 731 875 268 63 167 
219 253 274 787 621 324 547 731 478 498 
202 532 273 310 458 404 631 731 63 170 
541 506 273 96 285 731 
223 538 273 474 415 731 34 622 
295 503 253 274 307 725 731 
295 503 253 274 460 731 
219 525 274 547 731 
397 329 454 731 
508 543 517 262 731 
397 329 273 631 731 
541 506 273 726 96 621 731 
397 329 567 731 681 
272 117 621 390 452 567 29 257 631 117 285 735 34 599 
250 273 689 339 731 683 637 607 803 692 763 29 485 
327 388 273 726 339 732 637 607 803 691 
219 253 274 787 621 324 547 731 537 800 
223 538 273 474 415 731 34 622 
451 273 689 339 731 683 637 607 803 692 763 29 485 
451 273 689 339 731 683 637 607 803 692 763 29 485 
391 845 514 272 726 731 29 816 691 681 
202 532 273 451 634 731 875 268 63 166 
397 329 257 731 
825 273 590 148 621 731 850 158 336 
281 282 253 274 788 259 
281 282 253 274 738 351 107 473 491 322 
508 543 273 472 771 117 621 731 
