1435
744 745 746 748 752 753 754 755 756 757 758 759 761 762 763 764 765 767 768 769 771 773 774 777 779 781 783 1015 1016 1018 1022 1027 1028 1030 1031 1032 1033 1041 1045 1051 1055 1057 1058 1060 1064 1068 1073 1075 1079 1082 1084 1086 1091 1092 1104
67 147 241 423
951 1087 1161 1281
1031
469 860 1071
958
1287
630
1368 1407
10 454 474 1019 1025 1035 1113 1126 1157 1266 1272 1292 1304 1305 1310 1380
1238 1241
731 732 734 940
63
1140 1425
284 287 288 289 291 293 294 295 296 297 298 299 300 301 302 303 304 306 307 308 310 385 391 392 393 395 396 397 398 399 400 401 402 403 404 405 407 409 410 412 413 414 415 417 418 419 420 421 526 528 529 533 535 537 538 539 540 541 542 545 547 548 551 552 554 555 556 557 558 1342
4
785 1424 1426 1427 1428 1430 1432 1433 1444 1450 1459
717
121
24 91 175 265
915 923 924 1042 1053 1054 1125 1225 1228 1258 1277 1278 1279 1284 1303 1311 1315 1319 1321 1322 1327 1331 1332 1333 1334 1335 1338 1340 1344 1353 1354 1356 1363 1364 1386 1389 1392 1395 1397 1402 1404 1405 1409 1410 1414 1415 1422 1443 1445 1447 1460 1464
1441
59
1286
228 715
1439
775 782 924 1054 1093 1095 1225 1277 1279 1363 1369 1468
0 3 27 33 41 43 45 47 48 52 53 54 63 65 81 93 95 99 104 105 107 111 113 114 115 153 160 167 172 176 178 180 182 186 193 194 198 207 209 216 219 236 258 262 268 270 277 279 281 285 292 305 317 320 321 324 328 332 339 346 353 360 362 368 382 384 387 389 406 427 430 445 446 449 452 455 462 464 468 470 480 483 492 505 518 566 575 582 595 600 610 612 615 616 618 619 621 622 623 627 631 634 635 636 641 642 643 644 646 653 688 690 699 728 746 747 748 749 750 751 752 754 755 756 757 758 760 761 762 763 765 766 768 769 770 773 774 775 780 782 783 792 794 799 800 802 804 805 806 807 816 825 826 828 829 835 843 862 872 888 893 895 897 899 900 901 902 905 914 921 925 927 928 939 949 978 988 989 992 1014 1018 1020 1021 1022 1023 1024 1026 1027 1030 1031 1032 1033 1039 1041 1044 1048 1051 1055 1057 1060 1061 1062 1068 1073 1075 1076 1079 1084 1091 1093 1095 1096 1106 1116 1121 1130 1132 1143 1150 1156 1160 1162 1167 1177 1190 1207 1208 1218 1226 1227 1229 1249 1251 1253 1255 1256 1263 1269 1288 1289 1372 1374 1413
196 203
514 530 536 553
1360
754 1030
131
26 32 873 874
17 20
61
6
776
66 146 191 240 374 509 510 512 516 519 520 522 524 550 573 576 590 593 601 683 684 685 936 941 942 980
59 125 172 206 606 1230 1298 1457
733
185 896
68 80 83 149 166 168 254 255 312 375
32 72 82 88 103 106 112 154 156 164 165 185 187 188 200 214 223 225 230 231 238 246 247 252 253 323 326 338 367 379 432 434 479 501 504 506 611 626 691 697 698 797 808 809 810 812 823 824 827 833 849 855 860 867 869 871 875 886 890 891 896 907 912 919 940 963 964 970 1000 1025 1071 1090 1100 1103 1113 1114 1161 1186 1187 1189 1191 1193 1199 1212 1213 1223 1281 1283 1285 1287 1290 1291 1292 1304 1308 1355 1369 1370 1371 1378 1384 1387 1391 1393 1398 1429 1433 1434 1436 1438 1440 1444 1448 1449 1459 1467 1468
1140
1080
640 640
1365
14 23 66 67 68 80 83 97 98 110 115 132 144 146 147 149 152 158 160 164 166 168 176 182 183 184 186 192 193 198 198 201 202 205 209 210 225 225 240 241 245 248 252 254 255 258 270 271 274 279 279 312 321 323 324 329 336 338 339 340 343 345 346 348 350 351 352 353 353 355 358 362 364 367 374 375 382 423 426 428 430 432 436 442 445 446 449 451 455 457 458 462 462 465 467 468 470 472 476 477 479 485 500 504 505 511 561 566 579 596 604 607 616 622 623 626 627 631 633 635 635 641 643 646 649 650 651 662 667 678 680 691 694 695 698 699 702 703 706 707 709 710 711 712 713 716 718 720 725 738 738 741 760 763 765 767 775 778 780 783 784 790 799 805 806 807 808 814 818 826 829 833 834 835 837 840 842 855 856 859 861 866 887 893 900 901 902 905 920 921 924 925 928 934 939 946 948 956 959 962 983 984 985 987 996 1007 1010 1021 1034 1043 1048 1054 1057 1060 1064 1066 1072 1075 1088 1093 1096 1107 1111 1118 1121 1131 1152 1154 1170 1176 1180 1196 1198 1204 1211 1219 1225 1227 1231 1235 1242 1243 1251 1252 1253 1257 1265 1269 1274 1277 1279 1283 1297 1309 1317 1342 1351 1355 1357 1358 1361 1363 1366 1385 1390 1417 1435 1456 1465
1 88 261 793 797 889 890 915 918 923 924 930 974 982 1012 1042 1053 1054 1124 1125 1136 1140 1148 1185 1191 1194 1213 1301 1467
913 1037 1128
1 789 1014 1116 1190 1289 1374
22 24 47 54 84 100 116 121 124 153 169 187 189 194 196 200 215 223 229 231 237 237 256 262 264 272 273 277 283 288 295 306 317 332 338 354 359 366 386 387 392 399 414 421 427 461 464 473 484 487 493 509 516 533 540 556 567 570 573 588 610 618 626 632 645 698 701 736 740 749 800 808 815 819 864 895 903 911 912 936 941 942 968 975 980 991 1017 1023 1044 1132 1137 1159 1208 1214 1237 1242 1293 1300 1317 1348 1349 1352 1375 1379 1381 1403 1418 1452
926
752 1027
1035
926
0 3 27 93 568 570 572 575 577 578 582 583 584 585 587 588 589 591 594 595 597 599 600 602 605 686 813 819 821 825 831 832 843 844 845 848 850 852 862 863 864 865 870 872 876 879 880 972 975 977 978 979 981 988 989 990 991 992 997 998 999 1001 1003 1004 1005 1006 1008 1009 1127 1137 1141 1143 1146 1147 1159 1160 1162 1163 1164 1165 1166 1167 1171 1172 1173 1174 1175 1178 1179 1205 1214 1215 1218 1220 1221 1224 1226 1229 1232 1233 1236 1237 1239 1244 1246 1247 1248 1250 1256 1261
23 28 29 34 40 42 44 47 49 51 56 60 62 210 262 286 332 388 507 1389 1409 1443 1464
101 106 118 120 123 125 126 127 128 130 133 135 136 137 139 140 141 142 143 235 858
0 1 2 3 6 10 11 12 13 14 15 16 17 18 19 20 21 22 23 24 25 26 27 28 29 30 31 32 33 34 35 36 37 38 39 40 41 42 43 44 45 46 47 48 49 50 51 52 53 54 55 55 56 57 58 59 60 61 62 63 65 66 67 68 69 70 71 72 73 74 75 76 77 78 79 80 81 82 83 84 85 86 87 88 88 89 90 91 92 93 94 95 96 97 98 99 100 102 103 104 105 106 107 108 109 110 111 112 113 114 115 116 117 119 120 122 123 124 128 129 131 132 133 142 144 145 146 147 148 149 150 151 152 153 154 155 156 157 158 159 160 161 162 163 164 165 166 167 168 169 170 171 172 173 174 175 176 177 178 179 180 181 182 183 184 185 186 187 188 189 190 190 191 192 193 194 194 195 197 198 199 200 201 202 204 205 206 207 207 208 209 211 212 213 214 215 216 216 217 218 219 220 221 222 223 224 225 226 227 228 229 230 231 232 233 234 236 237 238 239 240 241 242 243 244 245 246 247 248 249 250 251 252 253 254 255 256 257 258 259 260 261 262 262 263 265 266 267 268 269 270 271 272 273 274 275 276 277 277 278 279 280 281 281 282 283 284 285 286 287 288 289 290 291 292 292 293 294 295 296 297 298 299 300 301 302 303 304 305 306 307 308 310 311 312 313 314 315 316 317 318 319 320 321 322 323 324 325 326 327 328 329 330 331 332 332 333 334 335 336 337 337 338 339 340 341 342 343 344 345 346 347 348 349 350 351 352 353 355 356 357 358 359 360 360 361 362 363 364 365 366 367 368 369 370 371 372 373 374 375 376 377 378 379 381 382 383 384 385 386 387 387 388 388 389 389 390 391 392 393 394 395 396 397 398 399 400 401 402 403 404 405 406 407 408 409 410 411 412 413 414 415 416 416 417 418 419 420 421 422 423 425 426 427 428 429 430 431 432 433 434 435 436 437 438 439 440 441 442 443 444 445 446 447 448 448 449 450 451 452 453 454 455 456 457 458 459 460 461 462 463 464 465 466 467 468 469 470 471 472 473 474 475 476 477 478 479 480 481 482 483 484 485 486 487 488 489 490 491 492 493 494 495 496 497 498 499 500 501 503 504 505 506 507 508 509 510 511 512 513 514 515 516 517 518 518 519 520 521 522 523 524 525 526 527 528 529 530 531 532 533 534 535 536 537 538 539 540 541 542 543 544 545 546 547 548 549 550 551 552 553 554 555 556 557 558 559 561 562 564 565 566 567 568 569 570 571 572 573 574 575 576 577 578 580 581 582 583 584 585 586 587 588 589 590 591 592 593 594 595 597 598 599 600 601 602 603 604 605 606 607 608 609 610 611 612 614 615 616 617 618 619 620 621 622 623 624 625 625 626 627 628 628 629 630 631 632 632 633 634 635 636 637 638 639 640 640 641 642 643 644 644 645 646 647 648 649 650 651 652 653 654 655 656 657 658 659 660 661 662 663 664 665 666 667 668 669 670 671 672 673 674 675 677 678 679 680 681 682 683 684 685 686 687 688 689 690 691 693 694 695 696 697 698 699 700 701 702 704 705 708 710 711 713 714 715 716 717 718 719 720 721 722 723 724 725 726 727 728 728 729 730 733 735 736 737 738 739 740 741 742 743 744 745 746 747 748 749 750 751 752 753 754 755 756 757 758 759 760 761 762 763 764 765 766 767 768 769 770 771 772 773 774 775 777 778 779 780 781 782 783 784 785 786 788 789 790 791 792 793 794 795 796 797 798 799 800 801 802 803 804 805 806 807 808 809 810 812 813 814 815 815 816 817 818 819 820 821 822 823 824 825 826 827 828 829 830 831 832 833 835 836 837 838 839 841 843 844 845 846 847 848 849 850 851 852 853 854 855 857 858 859 860 861 862 863 864 865 866 867 868 869 870 871 872 873 874 875 876 877 878 879 880 881 882 883 884 885 886 887 888 889 890 891 893 894 895 896 897 898 899 900 901 902 904 904 905 906 907 908 909 910 911 911 912 913 914 915 916 917 918 919 920 921 922 923 924 925 926 927 928 929 930 931 932 935 936 938 939 940 941 942 943 944 945 946 947 948 949 950 951 952 953 953 954 955 956 957 958 959 961 962 963 964 965 966 967 969 970 971 972 973 974 975 976 977 978 979 980 981 982 988 989 990 991 992 993 994 995 997 998 999 1000 1001 1002 1003 1004 1005 1006 1007 1008 1009 1011 1012 1013 1014 1015 1016 1018 1019 1020 1021 1022 1023 1024 1025 1026 1027 1028 1029 1030 1031 1032 1033 1034 1035 1036 1037 1038 1039 1040 1041 1042 1043 1044 1045 1046 1047 1048 1049 1050 1051 1052 1053 1054 1055 1056 1057 1058 1059 1060 1061 1062 1063 1064 1065 1068 1069 1070 1071 1072 1073 1074 1075 1076 1077 1078 1079 1080 1081 1082 1083 1084 1085 1086 1087 1088 1089 1090 1091 1092 1093 1094 1095 1096 1097 1098 1099 1100 1101 1102 1103 1104 1105 1106 1107 1108 1109 1110 1111 1112 1113 1114 1115 1116 1117 1118 1119 1120 1121 1122 1123 1124 1125 1126 1127 1128 1129 1130 1131 1132 1133 1134 1135 1136 1137 1138 1139 1140 1141 1142 1143 1144 1145 1146 1147 1148 1149 1150 1151 1154 1155 1156 1157 1158 1159 1160 1161 1162 1163 1164 1165 1166 1167 1168 1169 1170 1171 1172 1173 1174 1175 1176 1177 1178 1179 1180 1181 1182 1183 1184 1185 1186 1187 1188 1189 1190 1191 1192 1193 1194 1195 1196 1197 1198 1199 1200 1201 1202 1203 1204 1205 1206 1207 1208 1209 1210 1211 1212 1213 1214 1215 1216 1217 1218 1219 1220 1221 1222 1223 1224 1225 1226 1227 1228 1229 1230 1231 1232 1233 1234 1235 1236 1237 1238 1239 1240 1241 1242 1243 1244 1245 1246 1247 1248 1249 1250 1251 1252 1253 1254 1255 1256 1257 1258 1259 1260 1261 1262 1263 1264 1265 1266 1267 1268 1269 1270 1271 1272 1273 1274 1275 1276 1277 1278 1279 1280 1281 1282 1283 1284 1285 1286 1287 1288 1289 1290 1291 1292 1293 1294 1295 1296 1297 1298 1299 1300 1301 1302 1303 1304 1305 1306 1307 1308 1309 1310 1311 1312 1313 1314 1315 1316 1317 1318 1319 1320 1321 1322 1323 1324 1325 1326 1327 1328 1329 1330 1331 1332 1333 1334 1335 1336 1337 1338 1339 1340 1341 1342 1343 1344 1345 1346 1347 1348 1349 1350 1351 1352 1353 1354 1356 1357 1358 1359 1361 1362 1363 1364 1365 1366 1367 1368 1369 1370 1371 1372 1373 1374 1375 1376 1377 1378 1379 1380 1381 1382 1383 1384 1385 1386 1387 1388 1389 1390 1391 1392 1393 1394 1395 1396 1397 1398 1399 1400 1401 1402 1403 1404 1405 1406 1407 1408 1409 1410 1411 1412 1413 1414 1415 1416 1417 1418 1419 1420 1421 1422 1423 1424 1425 1426 1427 1428 1429 1430 1431 1432 1433 1434 1435 1436 1437 1438 1439 1440 1441 1442 1443 1444 1445 1446 1447 1448 1449 1450 1453 1454 1456 1457 1458 1459 1460 1461 1462 1463 1464 1466 1467 1468 1469
58
744 745 753 759 764 771 777 779 781 1015 1016 1028 1045 1058 1082 1086 1092 1104
736 740 741 778 830 859 903 934 937 959 968 973 983 986 1007 1017 1066 1067 1083 1133 1152 1153 1181 1210 1235 1254 1285 1361 1439 1441
1399
1070 1155
188 1324 1369 1398 1399 1400 1438 1467 1468
188 1324 1369 1398 1399 1400 1438 1467 1468
81 167 216 292 328 335 337 349 372 447 448 456 459 495 513 544 561 594 621 625 634 636 655 660 674 679 681 695 714 719 735 748 750 756 761 790 798 804 816 845 887 899 914 962 999 1022 1024 1032 1039 1051 1111 1130 1166 1207 1233 1337 1419
33 37 51 56 87 99 152 173 245 260 284 294 297 388 403 415 416 417 419 426 500 508 538 541 555 568 629 662 677 694 724 813 921 972 1127 1205
9 79 163 251 319 325 327 329 330 331 335 343 349 352 372 381 429 433 435 436 438 440 441 443 447 451 456 457 458 460 466 471 472 495 503 561 562 569 647 663 665 666 667 668 669 671 673 674 678 679 680 695 723 736 741 744 745 746 747 748 749 750 751 752 753 754 755 756 757 758 759 760 761 762 763 764 765 766 767 768 769 770 771 773 774 775 777 779 780 781 782 783 790 793 796 814 817 822 830 836 837 838 839 878 881 887 889 894 908 913 931 962 965 966 969 971 1012 1013 1015 1016 1018 1020 1022 1023 1024 1026 1027 1028 1030 1031 1032 1033 1034 1037 1038 1040 1041 1043 1045 1048 1051 1052 1055 1057 1058 1060 1061 1064 1068 1069 1072 1073 1075 1076 1079 1082 1084 1086 1091 1092 1093 1095 1096 1104 1111 1115 1122 1128 1129 1131 1149 1170 1188 1196 1197 1198 1200 1201 1202 1203 1204 1206 1209 1211 1219 1230 1231 1257 1264 1265 1267 1270 1273 1274 1314 1361 1438 1442 1446 1456 1467
134 494 1201
365
73 77 82 214 246 886 896 912 1223 1370 1371 1384 1391 1429 1434 1448 1449
7
59
286 388 507
1081
199 262 332 387
8 64
953
1196 1197 1198 1201 1202 1203 1204 1209 1211 1219 1231 1257
220
64
926
61 234 394 715 1406
648 1103
1144
1448
71 1119
598 857 993 1168 1259
178 223 275 342 347 460 617 766 774 817 854 1038 1040 1061 1084 1094 1129 1182 1193 1206 1228 1266 1273 1278 1282 1292 1303 1310 1334 1344 1350 1414 1415 1423 1445
1413
225 341 743
363 514 523 945 1118
6 130 139 210
101 118 120 123 125 126 127 128 130 133 135 136 137 140 141 143 235
134
1369 1398 1468
109 117 453 490 494 508 515 517 544 563 581 629 637 638 639 655 658 660 676 677 682 704 708 710 714 716 718 719 720 724 726 727 729 735 811 861 866 947 953 1158
214
103 156 164 165 227 247 252 253 323 326 336 379 432 434 501 504 506 833 1106 1342 1366 1373 1424 1427 1428 1430 1431 1432 1433 1437 1444 1459
199
6 57 61 65 120 140 453 490 494 1406 1458
810 833 1451 1453 1455 1465
761 1051
730 793 883 889 1011 1012 1183
1365
14 16 22 23 24 28 29 30 34 35 36 37 38 39 40 44 46 47 49 50 51 54 56 59 60 122 618 619 621 642 752 800 802 804 828 895 897 899 927 1027 1043 1118 1131 1156 1274 1295 1297 1297 1466
334 444 937 986 1067 1153 1442
459 513 681
79 163 194 216 251 272 277 292 322 381 386 387 431 503 567 664 701 723 795 1457 1458 1461 1462
361
351 633 725
7 190 446 587 807 863 902 990 1178 1236
15
1227 1243 1245 1249 1251 1252 1253 1255 1262 1263 1330 1351 1357 1359 1420 1421 1423
58 65 120 139 220 424 1014 1039 1044 1116 1130 1132 1190 1207 1208 1288 1289 1372 1374
148 155 204 242 311 318 361 614 617 670 672 675 891 907 963 970 1036 1065 1074 1081 1105 1112 1114 1144 1154 1169 1186 1187 1189 1193 1199 1212
776
36 42 46 47 49 50 54 56 60 62
46 768 1068 1341
1369 1398 1468
121 138
61 118 123 128 133 135 137 140 235
1228 1303
136
1088 1176 1283 1355
1440
341
152 230 245 319 322 325 335 372 380 426 429 431 433 441 443 447 488 495 500 502 532 591 592 613 662 663 664 665 671 673 674 694 795 848 892 969 1003 1171 1177 1200 1244 1267 1328 1348 1411 1418 1441
1223
740 859
315 912
220
234
1326 1394
228 608 670 786 884 1110 1184 1439
1360
1394
894 966 1013 1106 1115 1188 1264 1314
8
740 778 859 903 934 937 959 968 973 983 986 1007 1017 1066 1067 1133 1152 1153 1210
101 125 126 128 130 140 142 143
908 971 1122 1270
220
14 16 22 23 24 28 29 30 34 35 36 37 38 39 40 42 44 46 47 49 50 51 54 56 59 60 62 66 70 74 76 78 84 85 86 87 90 91 92 94 96 97 100 102 110 146 150 161 162 169 170 171 173 174 175 177 179 181 183 189 197 205 240 243 249 250 256 257 258 259 260 263 265 266 267 269 273 278 286 309 314 324 340 351 358 374 376 382 425 459 498 505 507 513 608 609 633 681 696 725 736 738 740 741 744 745 746 747 749 750 751 753 754 755 756 757 758 759 760 761 762 763 764 765 766 767 768 769 770 771 773 774 775 777 778 779 780 781 782 783 786 788 791 799 830 859 884 885 886 893 908 959 971 1007 1015 1016 1018 1020 1023 1024 1026 1028 1030 1031 1032 1033 1038 1041 1045 1048 1051 1055 1057 1058 1060 1061 1064 1068 1073 1075 1076 1079 1082 1084 1086 1091 1092 1093 1095 1096 1104 1110 1122 1129 1184 1198 1202 1203 1206 1211 1216 1217 1219 1222 1234 1235 1254 1260 1270 1273 1287 1341 1370 1371 1384 1391 1429 1434 1439 1441
218 221 222 226 416 525 531 1268
68 69 73 77 95 149 180 268 312 322 375 384 431 439 611 664 789 795 967 1117 1192 1223
1109
31 55
1196 1197 1201 1209 1231 1257
191 316 363 378 406 499 509 510 512 516 519 520 522 524 550 573 576 590 593 601 653 683 684 685 686 722 913 920 936 938 941 942 946 949 952 954 961 980 1037 1038 1128 1129 1182 1206 1273 1282
463
1458
0 584 850 1008 1164 1224 1336
139 457 460 466 471 472 647 814 817 822 836 837 868 931 969 1034 1040 1052 1069 1072 1149 1200 1230 1240 1265 1267 1361 1456
1463
12 13 15 17 18 19 20 21 25 26 32 89 154 185 238 439 611 697 964 1290 1291 1308 1323 1378 1387 1393
142
121 138
630 731 732 734 824 940
1463
264 282 283 354 383 437 461 473 478 484 487 493 519 520 522 524 550 576 590 593 601 683 684 685 1326 1394
1451 1453 1455 1465
1140 1425
10 454 474 1019 1025 1035 1113 1126 1157 1266 1272 1292 1304 1305 1310 1380
1281 1355
227 369 370 475 481 489 534 543 546 580 687 689 994 995 1002 1089 1097 1101
121 138
115 160 176 206 209 321 362 430 470 616
129
1102
280 290 357 411 1036 1212
9
798 801 818 854
77 82 1370
65
65
334 444 937 986 1067 1153 1442
319 325 327 329 330 331 333 335 343 349 352 372 429 433 435 436 438 440 441 443 447 451 456 458 495 663 665 666 667 668 669 671 673 674 678 679 680 923 924 1053 1054 1311 1321 1322 1331 1333 1334 1340 1344 1353 1354 1363 1364 1386 1397 1404 1414 1415 1422 1445 1447 1460
703 772 784 1085 1107
185 238
121 138
867 1090
916 1134 1275 1312 1388
190
0 3 66 69 70 81 115 146 150 160 167 182 191 193 198 201 209 240 243 270 279 319 320 321 324 325 327 328 329 330 331 333 335 337 339 343 346 348 349 350 352 353 355 362 364 372 374 376 382 406 429 430 433 435 436 438 440 441 443 446 447 448 449 450 451 452 455 456 458 462 465 467 468 470 476 477 482 488 492 495 505 509 510 512 519 520 522 524 532 550 564 566 576 590 592 593 601 604 607 615 616 624 625 627 631 634 635 636 641 646 649 650 651 663 665 666 667 668 669 671 673 674 678 679 680 683 684 685 700 711 713 737 739 742 794 799 807 816 826 835 853 893 902 906 914 921 925 939 948 949 952 955 1118 1177 1182 1280 1282 1293 1294 1296 1298 1299 1300 1306 1307 1309 1325 1328 1329 1336 1337 1339 1343 1345 1346 1348 1349 1352 1358 1366 1373 1375 1376 1377 1379 1381 1382 1383 1385 1390 1401 1403 1408 1411 1412 1416 1417 1418 1419 1431 1437
134 1047 1070 1155
210
1349
234
185 238
3 48 96 98 111 181 184 269 271 492 599 852 1004 1172 1247
196 203 776
478 484 493 1331 1340 1404 1409 1422 1464
1290 1399
88 1047 1070 1155 1394
284 287 288 289 291 293 294 295 296 297 298 299 300 301 302 303 304 306 307 308 310 385 391 392 393 395 396 397 398 399 400 401 402 403 404 405 407 409 410 412 413 414 415 417 418 419 420 421 526 528 529 533 535 537 538 539 540 541 542 545 547 548 551 552 554 555 556 557 558 1342
532
69 81 153 167 172 178 182 186 193 195 198 201 270 279 317 320 324 328 334 337 339 346 348 350 353 355 364 368 382 427 444 445 446 448 449 452 455 462 464 465 467 468 505 610 615 623 624 625 627 631 634 635 636 641 646 649 650 651 789 794 799 806 807 816 826 835 893 901 902 914 921 925 939
69 81 167 172 178 182 186 193 195 198 201 270 279 320 324 328 337 339 346 348 350 353 355 364 368 382 445 446 448 449 452 455 462 464 465 467 468 505 615 623 624 625 627 631 634 635 636 641 646 650 651 789 794 799 806 807 816 826 835 893 901 902 914 921 925 939
61 63 119
157
617
52 113 575 596 596 638 682 706 706 709 709 712 712 726 825 840 840 842 842 856 856 953 978 984 984 987 987 996 996 1010 1010 1143 1218
120 128
871
717
809 1276 1436
124 187 187 200 202 229 319 325 327 333 363 380 406 429 433 435 441 443 502 591 613 663 665 666 671 673 757 758 848 892 930 938 967 982 1003 1033 1041 1094 1117 1148 1156 1171 1192 1197 1201 1203 1244 1299 1328 1331 1340 1345 1373 1404 1408 1409 1411 1422 1431 1437 1456 1461 1462 1464
109 133 182 270 289 291 303 339 368 395 397 413 418 449 477 478 517 535 537 554 572 576 585 590 593 601 604 627 639 642 646 658 683 711 727 746 821 828 835 870 927 939 948 977 998 1018 1141 1165 1215 1246 1296 1329 1346 1377 1416
16 40 178 731 732 734 801 854 878 881 931 969 1109 1149 1200 1267 1451
1360
196 196 203 203
119
1125 1445
1391 1449
491 875
262 280 332 357 387 424 686
238
13 15 19 21 851 1098
238
11 72 159 315 561 695 790 851 887 962 1019 1098 1108 1111 1154 1169 1304 1425
1301
1442
218 222 525 531 563 655 658 676 811 947 953 1140 1238 1241
228 301 304 310 385 400 402 410 526 539 547
1469
106
1369 1398 1468
154 696 697 736 741 791 830 890 964 1071 1090 1125 1196 1197 1198 1201 1202 1203 1204 1209 1211 1219 1231 1257 1303 1314 1335 1378 1429 1435 1445 1447 1460
394 715 1406
34 39
561 562 695 696 790 791 796 887 962 965 1111 1118
261 797 809 919 1056 1124 1142 1185 1191 1194 1213 1276 1347 1350 1367 1436
512 600 872 954 992 1160 1229 1362
74 75 218 221 222 226 525 531 580 851 873 874 890
73 74 88 190 207 227 246 281 360 369 370 389 459 475 481 489 513 518 534 543 644 681 687 689 728 894 896 912 915 951 966 994 995 1000 1002 1013 1042 1077 1088 1089 1097 1101 1106 1115 1125 1140 1170 1176 1188 1194 1213 1223 1264 1283 1314 1341 1355 1425 1438 1457 1461 1462
124 132 144 187 200 202 223 225 229 230 231 237
1000 1077
919 1056 1142
1468
148 155 204 242 311 318 361 614 617 670 672 675 891 907 963 970 1036 1065 1074 1081 1105 1112 1114 1144 1154 1169 1186 1187 1189 1193 1199 1212
608 612 618 619 620 621 622 642 643 786 792 800 802 803 804 805 828 829 884 888 895 897 898 899 900 910 927 928 1014 1029 1039 1044 1062 1110 1116 1120 1123 1130 1132 1150 1156 1184 1190 1195 1207 1208 1271 1288 1289 1302 1372 1374
1435
1324 1399 1400
853
869
730
841
206 316 356 378 383 437 463 499 560 624 628 684 692 722 787 838 839 841 904 960 961 1325 1401 1444
4 61 74 101 118 121 125 126 127 135 136 137 138 140 141 143 235 280 290 319 324 325 327 329 330 331 333 335 343 344 349 352 357 361 371 372 382 411 429 433 435 436 438 440 441 443 447 451 456 458 469 486 491 495 505 514 521 523 530 536 549 553 565 574 580 586 648 654 659 663 665 666 667 668 669 671 673 674 678 679 680 798 799 801 812 818 823 827 838 839 847 849 854 858 860 867 869 871 875 877 878 881 890 893 894 908 913 918 926 930 935 943 944 945 950 966 971 973 974 982 1013 1037 1038 1043 1071 1090 1100 1103 1115 1122 1128 1129 1131 1133 1136 1148 1182 1188 1206 1210 1264 1270 1273 1274 1282 1314
1 31 55 88
73 77 82 214 246 886 896 912 1223 1370 1371 1384 1391 1429 1434 1448 1449
290 341 342 356 359 363 442 507
1446 1454
227 333 369 370 475 481 489 534 543 546 687 689 994 995 1002 1089 1097 1101
1452 1469
717
568 570 572 575 577 578 582 583 584 585 587 588 589 591 594 595 597 598 599 600 602 605 813 819 821 825 831 832 843 844 845 848 850 852 857 862 863 864 865 870 872 876 879 880 969 972 975 977 978 979 981 988 989 990 991 992 993 997 998 999 1001 1003 1004 1005 1006 1008 1009 1127 1137 1141 1143 1146 1147 1159 1160 1162 1163 1164 1165 1166 1167 1168 1171 1172 1173 1174 1175 1178 1179 1200 1205 1214 1215 1218 1220 1221 1224 1226 1229 1230 1232 1233 1236 1237 1239 1244 1246 1247 1248 1250 1256 1259 1261 1267 1343 1346 1361 1412 1416
176 494 1087 1176 1181 1466
122
50 60
129 958
1463
608 612 618 619 620 621 622 642 643 786 792 800 802 803 804 805 828 829 884 888 895 897 898 899 900 910 927 928 1014 1029 1039 1044 1062 1110 1116 1120 1123 1130 1132 1150 1156 1184 1190 1195 1207 1208 1271 1288 1289 1302 1372 1374
4
283 327 349 354 435 456 461 473 484 487 493 509 598 632 645 666 679 815 857 911 941 993 1168 1259 1307 1337 1381 1383 1437 1452
79 163 251 381 503 723
27 41 86 93 104 171 259 589 879 1006 1174 1239
289 291 303 395 397 413 418 535 537 554 572 821 977 1141 1215 1360
77 82
125 127 309 789 1014 1039 1044 1116 1130 1132 1190 1207 1208 1288 1289 1372 1374
138
191 408 463 509 510 512 515 516 519 520 522 524 527 550 571 573 576 590 593 601 637 645 657 683 684 685 704 705 710 714 716 718 720 820 841 846 861 866 909 936 941 942 976 980 1049 1139
1 2 10 11 12 13 15 17 18 19 20 21 25 26 31 55 58 71 73 74 75 77 88 89 109 117 122 131 148 148 155 155 157 159 195 218 221 222 226 242 242 261 261 276 311 311 315 316 318 318 378 439 469 486 491 499 508 517 525 531 544 580 581 614 614 617 617 629 630 638 639 648 654 659 660 670 672 672 675 675 677 682 708 719 722 724 726 727 729 735 739 785 851 853 873 874 920 926 952 961 1019 1035 1036 1036 1056 1056 1074 1078 1080 1081 1098 1102 1108 1109 1112 1112 1119 1124 1124 1140 1142 1142 1158 1185 1185 1194 1194 1262 1276 1276 1301 1305 1305 1310 1323 1324 1351 1359 1399 1400 1424 1425 1426 1427 1428 1430 1432 1450
121
65 234 282 283 367 479 691 855 951 1235 1254 1341
101 120 126 136 141 142 143
748 1022
484 493
196 203
8 109 117 191 316 354 378 406 450 476 477 482 485 488 492 499 508 509 510 512 516 517 544 564 566 573 576 581 592 604 606 607 629 638 639 652 652 655 656 658 660 677 682 683 684 686 700 708 710 711 713 714 716 718 719 722 724 726 727 729 735 737 742 838 839 878 881 906 920 948 949 955 956 961 1158 1180 1227 1249 1251 1253 1255 1263
264 703
319 325 327 329 330 331 333 335 343 349 352 372 429 433 435 436 438 440 441 443 447 451 456 458 495 663 665 666 667 668 669 671 673 674 678 679 680
158 248 428
121 138
1459
915 923 924 1042 1053 1054 1125 1225 1228 1258 1277 1278 1279 1284 1303 1311 1315 1319 1321 1322 1327 1331 1332 1333 1334 1335 1338 1340 1344 1353 1354 1356 1363 1364 1386 1389 1392 1395 1397 1402 1404 1405 1409 1410 1414 1415 1422 1441 1443 1445 1447 1460 1464
145 152 239 245 373 422 426 496 500 559 661 662 694 721 882
562 569 796 965
261 797 809 919 1056 1124 1142 1276 1347 1350 1367 1436 1446 1454
5 7 154 246 1078 1387
1452 1469
827
1433
1185 1191 1194 1213
196 203
1424 1426 1427 1428 1430 1432 1433 1444 1450 1459
1413
8 176 484 493 494 569 1106 1238 1241 1280
124 132 144 187 200 202 223 225 229 230 231 237
1296 1377
640
221 226
597 880 1009 1179 1250
68 80 83 149 166 168 254 255 312 375 1258 1335 1347
238
5 7
1371
424
172 612 619 792 802 888 897
11 71 72 157 159 276 315 1078 1080 1098 1102 1108 1109 1119 1287
108 116 153 190 191 194 199 215 230 231 237 262 272 277 317 322 331 332 351 365 366 386 387 427 431 440 466 510 561 567 588 610 618 633 664 669 685 695 701 725 733 736 740 747 751 755 762 769 770 772 778 790 795 800 822 838 839 864 878 881 887 895 903 918 923 926 930 933 949 952 959 962 968 974 982 991 1007 1017 1020 1026 1031 1052 1053 1055 1062 1073 1076 1085 1091 1111 1136 1148 1150 1157 1159 1169 1202 1209 1237 1245 1249 1255 1258 1262 1263 1284 1293 1317 1326 1330 1335 1347 1353 1375 1389 1421 1439 1441 1443 1455 1456
338 367 479 626 691 698 808 855
4 14 16 22 24 30 33 35 36 37 38 39 41 43 45 46 48 50 52 53 54 59 99 104 105 107 111 113 114 219 236 285 305 450 476 480 482 483 488 492 564 566 592 607 688 690 700 713 906 955 1293 1294 1298 1299 1306 1307 1339 1358 1375 1376 1382 1383 1417 1419
486
736 740 741 830 859 1235 1254 1341 1400
286 507
1329
1083 1181 1285
969 1200 1230 1267 1361
70 78 84 85 86 87 90 91 92 94 96 100 102 150 162 169 170 171 173 174 175 177 179 181 189 197 243 250 256 257 259 260 263 265 266 267 269 273 278 376
2
1367
109 117 216 292 316 378 406 408 499 508 515 517 527 544 581 629 637 638 639 652 653 656 657 660 677 682 704 708 710 714 716 718 719 720 722 724 726 727 729 735 846 861 866 920 938 946 949 952 954 961 1158 1182 1227 1243 1245 1249 1251 1252 1253 1255 1262 1263 1282 1330 1351 1357 1359 1420 1421 1423
642 828 927 1294 1296 1346 1376 1377 1416
776
90 174 263 602 865 1001 1175 1261
66 79 83 146 163 168 240 251 255 258 282 283 322 342 356 359 365 374 381 431 442 450 459 476 477 482 485 488 492 503 513 532 564 566 572 577 578 583 589 592 597 598 602 604 606 607 655 664 681 700 711 713 723 795 821 831 832 844 857 865 879 880 906 948 953 955 977 979 981 993 997 1001 1006 1009 1141 1146 1147 1163 1168 1174 1175 1179 1215 1220 1221 1232 1239 1250 1259 1261 1268 1293 1298 1299 1300 1306 1339 1343 1345 1352 1358 1366 1368 1373 1375 1379 1382 1403 1407 1408 1412 1417 1431 1437
1295 1297 1466
776
1350
1186 1193 1212 1456
220
42 62 652
8 119
1360
61 63 65 72 76 78 84 85 86 87 90 91 92 94 96 100 102 119 124 132 134 144 161 162 169 170 171 173 174 175 177 179 181 185 187 188 189 194 197 200 202 207 214 216 220 223 225 227 229 230 231 237 238 249 250 256 257 258 259 260 263 265 266 267 269 273 277 278 281 282 283 292 360 369 370 389 408 424 459 475 481 489 513 518 527 534 543 563 644 657 676 681 687 689 728 793 811 846 889 918 930 936 942 951 974 980 982 994 995 1000 1002 1012 1077 1088 1089 1097 1101 1136 1148 1170 1176 1283 1341 1355 1398 1400 1425 1457 1458 1461 1462
532 1296 1377
63 1265 1360
2 4 8 9 27 33 41 43 45 48 52 53 57 65 93 99 104 105 107 109 111 113 114 117 119 124 132 144 187 199 200 202 219 223 225 229 230 231 231 236 237 275 285 286 305 316 342 347 356 359 363 378 388 406 411 416 450 453 476 477 480 482 483 485 488 490 492 494 499 507 508 517 532 544 564 566 574 581 592 604 606 607 629 638 639 655 658 660 677 682 686 688 690 699 700 708 710 711 713 714 719 722 724 726 727 729 731 732 734 735 737 738 742 743 746 747 748 749 750 751 752 754 755 756 757 758 760 761 762 763 765 766 767 768 769 770 773 774 775 778 780 782 783 798 801 818 838 839 854 868 878 881 905 906 918 920 930 933 938 946 947 948 949 952 954 955 956 957 959 961 973 974 982 1007 1018 1019 1020 1021 1022 1023 1024 1026 1027 1030 1031 1032 1033 1041 1048 1051 1055 1057 1060 1061 1064 1068 1073 1075 1076 1079 1084 1091 1093 1095 1096 1121 1133 1136 1148 1158 1180 1182 1210 1227 1240 1243 1245 1249 1251 1252 1253 1255 1262 1263 1269 1282 1293 1294 1296 1298 1299 1300 1306 1307 1309 1325 1328 1329 1330 1336 1337 1339 1342 1343 1345 1346 1348 1349 1351 1352 1357 1358 1359 1366 1373 1375 1376 1377 1379 1381 1382 1383 1385 1390 1401 1403 1408 1411 1412 1416 1417 1418 1419 1420 1421 1423 1431 1437
42
1343 1346 1412 1416
1144 1154 1169
137 546
12 13 15 17 18 19 20 21 25 26 32 89 154 185 238 439 611 697 964 1290 1291 1308 1323 1378 1387 1393
654 659
1238 1241
1099
562 569 796 965
9
640
6 10 58 103 106 108 112 122 129 131 151 204 208 211 212 213 217 220 224 227 232 233 244 272 280 282 283 284 287 288 289 290 291 293 294 295 296 297 298 299 300 301 302 303 304 306 307 308 310 313 314 319 325 327 329 330 331 333 335 343 344 349 351 352 357 361 369 370 371 372 377 380 383 385 386 391 392 393 395 396 397 398 399 400 401 402 403 404 405 407 408 409 410 412 413 414 415 417 418 419 420 421 425 429 433 435 436 437 438 440 441 442 443 447 451 454 456 457 458 460 461 466 469 471 472 474 475 481 486 489 491 495 497 498 502 514 515 521 523 526 527 528 529 530 533 534 535 536 537 538 539 540 541 542 543 545 546 547 548 549 551 552 553 554 555 556 557 558 560 565 567 571 579 586 596 603 609 613 614 617 628 630 632 633 637 647 648 654 657 659 663 665 666 667 668 669 670 671 673 674 678 679 680 687 689 692 693 696 701 703 704 705 706 707 709 712 717 725 730 744 745 753 759 764 771 772 777 779 781 784 787 788 791 793 810 812 814 815 817 820 822 823 824 827 833 834 836 837 840 842 846 847 849 853 856 858 860 867 869 871 875 877 883 885 889 892 903 904 908 909 911 913 916 917 922 929 931 932 934 935 937 940 943 944 945 950 958 960 968 969 971 976 983 984 985 986 987 994 995 996 1002 1010 1011 1012 1015 1016 1017 1028 1034 1035 1036 1037 1038 1040 1045 1046 1047 1049 1050 1052 1058 1059 1063 1065 1066 1067 1069 1070 1071 1072 1074 1081 1082 1085 1086 1087 1089 1090 1092 1094 1097 1099 1100 1101 1103 1104 1105 1107 1118 1122 1126 1128 1129 1134 1135 1138 1139 1145 1149 1151 1152 1153 1155 1157 1161 1183 1199 1200 1206 1216 1217 1222 1225 1228 1230 1234 1235 1238 1241 1254 1258 1260 1265 1266 1267 1268 1270 1272 1273 1275 1277 1278 1279 1281 1284 1286 1292 1295 1297 1303 1304 1310 1311 1312 1313 1315 1316 1317 1318 1319 1320 1321 1322 1327 1332 1333 1335 1338 1341 1347 1350 1354 1356 1361 1364 1365 1367 1368 1380 1386 1388 1392 1395 1396 1397 1402 1405 1407 1410 1413 1424 1426 1427 1428 1430 1432 1433 1439 1441 1444 1447 1454 1456 1459 1460 1466 1469
9 284 287 288 289 291 293 294 295 296 297 298 299 300 301 302 303 304 306 307 308 310 380 385 391 392 393 395 396 397 398 399 400 401 402 403 404 405 407 409 410 412 413 414 415 417 418 419 420 421 502 526 528 529 533 535 537 538 539 540 541 542 545 547 548 551 552 554 555 556 557 558 571 579 596 613 705 706 707 709 712 820 834 840 842 856 892 976 984 985 987 996 1000 1010 1077 1139
1429
3 36 38 44 49 94 96 98 179 181 184 267 269 271 301 304 310 385 400 402 410 446 526 539 547 599 634 636 807 816 852 902 914 1004 1172 1247
26 32 69 73 76 78 80 83 84 85 86 87 89 90 91 92 94 96 97 98 100 102 108 110 116 134 145 151 152 154 161 162 166 168 169 170 171 173 174 175 177 179 181 183 184 189 192 197 204 205 215 239 244 245 249 250 254 255 256 257 259 260 263 265 266 267 269 271 272 273 274 278 313 322 340 345 358 366 373 377 386 422 426 431 457 460 466 496 497 500 511 559 567 614 622 643 661 662 664 672 693 694 701 702 703 721 737 739 742 762 765 783 795 798 805 814 817 822 829 882 886 900 923 924 928 1034 1036 1040 1052 1053 1054 1055 1060 1075 1083 1091 1112 1114 1144 1157 1181 1186 1187 1202 1203 1204 1212 1228 1235 1242 1254 1258 1278 1284 1285 1303 1315 1317 1334 1335 1344 1353 1363 1364 1371 1387 1392 1414 1415 1445 1453 1456
1154
117 157 286 363 453 490 494 507 515 530 536 549 553 563 581 637 676 704 811 847 858 943 950 1102 1124 1158 1345 1352 1403 1408 1409 1439 1464
188
1457 1458 1461 1462
1406
1307 1383
408 527 657 846
823
208 211 212 213 217 224 232 233
64
798 801 818 854
188 1438
4
234
4 144 187 202 223 231 237
1100
0 34 39 60 92 97 177 183 266 298 300 308 340 407 409 412 420 528 552 557 582 584 843 850 988 1008 1162 1164 1224 1256 1307 1383
923 924 1053 1054 1225 1228 1258 1277 1278 1279 1284 1303 1331 1334 1335 1340 1344 1353 1363 1404 1409 1414 1415 1422 1445 1464
1389 1443
2
5 28 30 85 101 117 135 137 138 139 142 152 170 192 203 245 257 258 274 286 287 299 307 345 367 393 404 405 426 445 468 479 500 507 511 545 548 551 577 581 587 623 641 662 691 694 702 806 826 831 855 863 901 925 979 990 1146 1158 1178 1220 1236
924 1054
736 741 830 923 1053 1196 1197 1198 1201 1202 1203 1204 1209 1211 1219 1231 1257 1331 1344 1404 1414 1435
131
66 146 191 240 374 509 510 512 516 519 520 522 524 550 573 576 590 593 601 683 684 685 936 941 942 980
1370
958
812
196 203
5
112
630 731 732 734 824 940
22 84 169 256 338 570 626 698 808 819 975 1137 1214
9
282 478 478 1343 1412
810 833
190 262 280 332 357 365 387
1065 1074 1105
606
0 3 10 27 33 41 43 45 48 52 53 93 99 104 105 107 111 113 114 128 130 133 137 140 141 142 219 236 285 305 480 483 568 570 572 575 577 578 582 583 585 587 588 589 591 594 595 597 598 599 600 602 605 688 690 699 813 819 821 825 831 832 843 844 845 848 852 857 862 863 864 865 870 872 876 879 880 905 972 975 977 978 979 981 988 989 990 991 992 993 997 998 999 1001 1003 1004 1005 1006 1009 1021 1121 1127 1137 1141 1143 1146 1147 1159 1160 1162 1163 1165 1166 1167 1168 1171 1172 1173 1174 1175 1178 1179 1205 1214 1215 1218 1220 1221 1226 1229 1232 1233 1236 1237 1239 1244 1246 1247 1248 1250 1256 1259 1261 1269 1365
390
454 1126 1272 1380
190
75 264 275 276 342 347 354 356 359 383 437 461 463 628 632 645 815 841 904 911 933 936 941 942 980 1324
2 6 8 9 10 11 13 14 15 16 17 18 19 20 21 22 23 24 25 26 27 28 29 30 32 33 34 35 36 37 38 39 40 41 42 43 44 45 46 47 48 49 50 51 52 53 54 56 57 58 59 60 61 62 65 65 66 68 69 70 71 75 76 78 84 85 86 87 90 91 92 93 94 95 96 99 100 102 103 104 105 106 107 109 111 112 113 114 117 119 119 122 124 132 144 146 149 150 153 157 159 161 162 169 170 171 172 173 174 175 177 178 179 180 181 186 187 189 194 195 197 199 200 202 206 220 223 225 229 230 231 237 240 243 249 250 256 257 258 259 260 262 263 265 266 267 268 269 272 273 276 277 278 282 283 284 286 287 288 289 290 291 293 294 295 296 297 298 299 300 301 302 303 304 306 307 308 310 312 315 316 317 319 320 325 327 329 330 331 332 333 334 335 341 342 343 349 352 356 359 363 368 372 374 375 376 378 384 385 386 387 388 391 392 393 395 396 397 398 399 400 401 402 403 404 405 406 407 408 409 410 411 412 413 414 415 416 417 418 419 420 421 427 429 433 435 436 438 440 441 442 443 444 447 450 451 452 453 456 458 464 476 477 482 485 488 490 492 494 495 499 507 508 512 515 517 521 526 527 528 529 532 533 535 537 538 539 540 541 542 544 545 547 548 551 552 554 555 556 557 558 564 566 567 568 570 572 575 577 578 580 581 582 583 584 585 587 588 589 591 592 594 595 597 598 599 600 602 604 605 606 607 608 610 612 615 618 619 620 621 622 624 629 637 638 639 640 642 643 657 660 663 665 666 667 668 669 670 671 673 674 677 678 679 680 682 699 700 701 704 708 710 711 713 714 716 718 719 720 722 724 726 727 729 730 735 743 744 745 746 747 748 749 750 751 752 753 754 755 756 757 758 760 761 762 763 764 765 766 767 768 769 770 771 772 773 774 775 777 780 782 783 784 786 789 792 794 800 802 803 804 805 813 819 821 825 828 829 831 832 843 844 845 846 847 848 850 851 852 857 861 862 863 864 865 866 870 872 873 874 876 879 880 884 888 895 897 898 899 900 905 906 910 918 920 927 928 930 935 938 944 946 947 948 949 951 954 955 956 957 961 972 974 975 977 978 979 981 982 988 989 990 991 992 993 997 998 999 1001 1003 1004 1005 1006 1008 1009 1015 1016 1018 1020 1021 1022 1023 1024 1026 1027 1028 1029 1030 1031 1032 1033 1041 1048 1049 1051 1055 1057 1058 1060 1061 1062 1064 1068 1073 1075 1076 1078 1079 1080 1082 1083 1084 1085 1086 1087 1088 1091 1093 1095 1096 1098 1102 1107 1108 1109 1110 1119 1120 1121 1123 1127 1136 1137 1141 1143 1146 1147 1148 1150 1156 1158 1159 1160 1161 1162 1163 1164 1165 1166 1167 1168 1171 1172 1173 1174 1175 1176 1178 1179 1180 1181 1184 1195 1205 1214 1215 1218 1220 1221 1224 1226 1229 1232 1233 1236 1237 1238 1239 1241 1242 1244 1246 1247 1248 1250 1256 1259 1261 1268 1269 1271 1280 1281 1283 1285 1286 1293 1294 1298 1299 1300 1302 1306 1307 1309 1325 1328 1329 1336 1337 1339 1342 1343 1346 1348 1349 1355 1358 1366 1373 1375 1376 1379 1381 1382 1383 1385 1390 1396 1401 1406 1411 1412 1416 1417 1418 1419 1425 1431 1437 1455 1457 1461 1462 1463
801 818 912
568 570 572 575 577 578 582 583 584 585 587 588 589 591 594 595 597 598 599 600 602 605 813 819 821 825 831 832 843 844 845 848 850 852 857 862 863 864 865 870 872 876 879 880 972 975 977 978 979 981 988 989 990 991 992 993 997 998 999 1001 1003 1004 1005 1006 1008 1009 1127 1137 1141 1143 1146 1147 1159 1160 1162 1163 1164 1165 1166 1167 1168 1171 1172 1173 1174 1175 1178 1179 1205 1214 1215 1218 1220 1221 1224 1226 1229 1232 1233 1236 1237 1239 1244 1246 1247 1248 1250 1256 1259 1261
1457 1461 1462
849
801 818 931 1113 1149 1305
61 65 76 78 80 83 84 85 86 87 90 91 92 94 96 97 98 100 102 110 116 121 124 132 134 138 144 161 162 166 168 169 170 171 173 174 175 177 179 181 183 184 187 189 194 197 200 202 205 207 215 216 218 221 222 223 225 226 229 230 231 237 249 250 254 255 256 257 259 260 263 265 266 267 269 271 273 277 278 281 286 292 314 324 340 341 351 358 360 366 382 388 389 425 459 477 485 498 505 507 513 518 560 604 606 609 633 644 681 692 696 711 725 728 731 732 734 787 788 791 799 883 885 893 909 918 930 948 951 960 974 982 1000 1011 1049 1049 1077 1088 1094 1136 1148 1176 1183 1216 1217 1222 1234 1260 1283 1355 1362 1457 1458 1461 1462 1463
6 61 63 139 172 178 186 191 195 275 347 354 509 510 512 516 519 520 522 524 550 573 576 590 593 601 652 656 683 684 685 686
57
408 527 657 846
16 40 320 330 380 438 452 502 562 583 613 615 668 699 708 729 794 796 801 844 892 905 931 947 956 965 997 1021 1121 1149 1163 1180 1232 1269
715
736 741 830 1083 1181 1235 1254 1285 1361 1439 1441
8 115 145 176 196 201 203 209 239 258 336 348 350 355 362 364 373 422 465 467 468 470 494 496 559 641 646 649 650 651 658 661 706 709 712 721 731 732 734 737 740 742 746 747 748 749 750 751 752 754 755 756 757 758 760 761 762 763 765 766 767 768 769 770 773 774 775 778 780 782 783 826 835 840 842 856 859 882 921 925 939 947 953 956 956 959 980 984 987 996 1007 1010 1018 1020 1022 1023 1024 1026 1027 1030 1031 1032 1033 1041 1048 1051 1055 1057 1060 1061 1064 1068 1073 1075 1076 1079 1084 1091 1093 1095 1096 1170 1177 1180 1180 1196 1197 1198 1201 1202 1203 1204 1209 1211 1216 1217 1219 1222 1227 1231 1234 1243 1245 1249 1251 1252 1253 1255 1257 1260 1262 1263 1314 1330 1342 1351 1357 1359 1420 1421 1423 1441
838 839 878 881
100 189 273 464 1044 1132 1208 1381
286 388 411 416
6 65 139 234
319 325 327 329 330 331 333 335 343 349 352 372 429 433 435 436 438 440 441 443 447 451 456 458 495 663 665 666 667 668 669 671 673 674 678 679 680 967 1117 1192 1279 1291 1311 1321 1322 1333 1334 1340 1353 1354 1363 1364 1386 1397 1415 1422
622 805 900
14 16 22 23 24 28 29 30 34 35 36 37 38 39 40 42 44 46 47 49 50 51 54 56 60 62 72 103 361 445 454 471 472 623 647 670 675 806 836 837 868 901 915 1025 1042 1069 1072 1125 1126 1189 1194 1199 1213 1240 1272 1323 1367 1380 1435
810
109 117 216 292 316 378 406 408 499 508 515 517 527 544 581 629 637 638 639 652 653 656 657 660 677 682 704 708 710 714 716 718 719 720 722 724 726 727 729 735 846 861 866 920 938 946 949 952 954 961 1158 1182 1227 1243 1245 1249 1251 1252 1253 1255 1262 1263 1282 1330 1351 1357 1359 1420 1421 1423
1043 1131 1274
1384 1434
261 675 715 797 1025 1185 1191 1199
4
70 78 84 85 86 87 90 91 92 94 96 100 102 150 162 169 170 171 173 174 175 177 179 181 189 197 243 250 256 257 259 260 263 265 266 267 269 273 278 376
235
614 1186
13 19
5 7
185 896
13 19 71 132 228 230 234 246 284 287 288 289 291 293 294 295 296 297 298 299 300 301 302 303 304 306 307 308 310 315 354 359 380 383 385 391 392 393 395 396 397 398 399 400 401 402 403 404 405 407 409 410 412 413 414 415 417 418 419 420 421 437 461 502 526 528 529 533 535 537 538 539 540 541 542 545 547 548 551 552 554 555 556 557 558 571 579 580 596 613 628 632 705 706 707 709 712 746 748 754 757 764 769 774 815 820 834 840 841 842 856 873 874 892 904 911 933 976 984 985 987 996 1000 1010 1018 1022 1030 1033 1058 1073 1077 1084 1139 1219 1223 1225 1265 1279 1287 1291 1308 1321 1325 1328 1338 1347 1370 1378 1384 1390 1393 1401 1410 1411 1434 1448 1454 1458 1463
228 234 442 579 707 751 763 770 773 775 782 834 985 1026 1057 1076 1079 1093 1095 1196 1197 1201 1209 1231 1257
258
733
66 146 240 374
0 3 5 6 7 11 12 59 67 70 75 76 79 80 81 83 89 95 97 98 101 108 109 110 115 116 117 118 123 124 126 127 128 129 131 132 133 134 135 137 139 141 142 143 144 145 147 148 150 151 152 153 154 155 156 158 159 160 161 163 164 165 166 167 168 172 178 180 182 183 184 186 187 190 191 192 193 194 195 196 198 199 200 201 202 203 204 205 207 208 209 211 212 213 215 216 217 219 220 223 224 225 227 228 229 230 231 232 233 234 235 236 237 239 241 242 243 244 245 247 248 249 251 252 253 254 255 258 262 264 268 270 271 272 274 276 277 279 280 281 284 285 287 288 289 290 291 292 293 294 295 296 297 298 299 300 301 302 303 304 305 306 307 308 310 311 313 314 316 317 318 319 320 321 322 323 324 325 326 327 328 329 330 331 332 333 334 335 337 338 339 340 343 344 345 346 348 349 350 351 352 353 354 355 357 358 360 361 362 363 364 365 366 367 369 370 371 372 373 376 377 378 379 380 381 382 383 384 385 386 387 389 391 392 393 394 395 396 397 398 399 400 401 402 403 404 405 406 407 409 410 412 413 414 415 416 417 418 419 420 421 422 423 425 426 427 428 429 430 431 432 433 434 435 436 437 438 439 440 441 443 444 445 446 447 448 449 450 451 452 453 454 455 456 457 458 459 460 461 462 463 465 466 467 468 469 470 471 472 473 474 475 476 478 479 480 481 482 483 484 485 486 487 488 489 490 491 492 493 494 495 496 497 498 499 500 501 502 503 504 505 506 508 509 510 511 512 513 514 515 516 517 518 519 520 521 522 523 524 526 528 529 530 532 533 534 535 536 537 538 539 540 541 542 543 544 545 547 548 549 550 551 552 553 554 555 556 557 558 559 560 561 562 564 565 567 568 569 570 571 572 573 574 575 576 577 578 579 580 581 582 583 584 585 586 587 588 589 590 591 592 593 594 595 596 597 598 599 600 601 602 603 605 606 607 608 609 610 611 612 613 614 615 616 617 618 619 620 621 622 623 624 625 626 627 628 629 630 631 632 633 634 635 636 637 638 639 640 641 642 643 644 645 646 647 648 649 650 651 652 653 653 654 655 656 658 659 660 661 662 663 664 665 666 667 668 669 671 672 673 674 675 677 678 679 680 681 682 683 684 685 686 687 688 689 690 691 692 693 694 695 696 697 698 699 700 701 702 703 704 705 706 707 708 709 710 712 713 714 715 716 717 718 719 720 721 722 723 724 725 726 727 728 729 730 731 732 733 734 735 736 737 738 738 739 740 741 742 743 744 745 746 747 748 749 750 751 752 753 754 755 756 757 758 759 760 761 762 763 764 765 766 767 768 769 770 771 772 773 774 775 776 777 778 779 780 781 782 783 784 786 787 788 789 790 791 792 793 794 795 796 798 799 800 801 802 803 804 805 806 807 808 809 810 812 813 814 815 816 817 818 819 820 821 822 823 824 825 826 827 828 829 830 831 832 833 834 835 836 837 838 839 840 841 842 843 844 845 847 848 849 850 852 853 854 855 856 857 858 859 860 861 862 863 864 865 866 867 868 869 870 871 872 875 876 877 878 879 880 881 882 883 884 885 886 887 888 889 891 892 893 894 895 897 898 899 900 901 902 903 904 905 906 907 908 909 910 911 913 914 916 917 918 919 920 921 922 925 926 927 928 929 930 931 932 933 934 935 936 937 938 939 940 941 942 943 944 945 946 947 949 950 952 953 953 953 954 955 956 957 958 959 960 961 962 963 964 965 966 967 968 969 970 971 972 973 974 975 976 977 978 979 980 981 982 983 984 985 986 987 988 989 990 991 992 993 994 995 996 997 998 999 1000 1001 1002 1003 1004 1005 1006 1007 1008 1009 1010 1011 1012 1013 1014 1015 1016 1017 1018 1019 1020 1021 1022 1023 1024 1025 1026 1027 1028 1029 1030 1031 1032 1033 1034 1035 1036 1037 1038 1039 1040 1041 1043 1044 1045 1046 1047 1048 1049 1049 1050 1051 1052 1055 1056 1057 1058 1059 1060 1061 1062 1063 1064 1065 1066 1067 1068 1069 1070 1071 1072 1073 1074 1075 1076 1077 1079 1081 1082 1083 1084 1085 1086 1087 1088 1089 1090 1091 1092 1093 1094 1094 1095 1096 1097 1099 1100 1101 1103 1104 1105 1107 1108 1109 1110 1111 1112 1113 1114 1115 1116 1117 1118 1119 1120 1121 1122 1123 1126 1127 1128 1129 1130 1131 1132 1133 1134 1135 1136 1137 1138 1139 1141 1142 1143 1144 1145 1146 1147 1148 1149 1150 1151 1152 1153 1154 1155 1156 1157 1158 1159 1160 1161 1162 1163 1164 1165 1166 1167 1168 1169 1170 1171 1172 1173 1174 1175 1176 1177 1178 1179 1180 1181 1182 1183 1184 1186 1187 1188 1189 1190 1192 1193 1195 1196 1197 1198 1199 1200 1201 1202 1203 1204 1205 1206 1207 1208 1209 1210 1211 1212 1214 1215 1216 1217 1218 1219 1220 1221 1222 1224 1225 1226 1227 1228 1229 1230 1231 1232 1233 1234 1235 1236 1237 1239 1240 1242 1243 1244 1245 1246 1247 1248 1249 1250 1251 1252 1253 1254 1255 1256 1257 1258 1259 1260 1261 1262 1263 1264 1265 1266 1267 1269 1270 1271 1272 1273 1274 1275 1276 1277 1278 1279 1281 1282 1283 1284 1285 1286 1287 1288 1289 1290 1291 1292 1293 1294 1295 1296 1297 1298 1299 1300 1302 1303 1304 1305 1306 1307 1308 1309 1310 1311 1312 1313 1314 1315 1316 1317 1318 1319 1320 1321 1322 1323 1325 1326 1327 1328 1329 1330 1331 1332 1333 1334 1335 1336 1337 1338 1339 1340 1341 1342 1343 1344 1345 1346 1347 1348 1349 1350 1351 1352 1353 1354 1355 1356 1357 1358 1359 1361 1362 1363 1364 1365 1366 1367 1370 1371 1372 1373 1374 1375 1376 1377 1378 1379 1380 1381 1382 1383 1384 1385 1386 1387 1388 1389 1390 1391 1392 1393 1394 1395 1397 1401 1402 1403 1404 1405 1408 1409 1410 1411 1412 1413 1414 1415 1416 1417 1418 1419 1420 1421 1422 1423 1424 1426 1427 1428 1429 1430 1431 1432 1433 1434 1435 1436 1437 1439 1440 1441 1442 1443 1444 1445 1446 1447 1448 1449 1450 1451 1452 1453 1454 1455 1456 1457 1458 1459 1460 1461 1462 1463 1464 1465 1466 1469
6 57 63 101 118 123 126 135 143 172 178 186 195 789 1039 1044 1130 1132 1207 1208 1288 1372
275 347
1369 1398 1468
525 531 1268
838 839 878 881 894 913 918 930 966 973 974 982 1013 1037 1038 1043 1115 1128 1129 1131 1133 1136 1148 1182 1188 1206 1210 1264 1273 1274 1282 1314
148 155 242 311 318 891 907 963 970
785
488 592 918 974 1136 1399
101 118 123 126 127 128 135 137 141 142 143 235
125 130 133
390 1078
390
532 612 792 888 909 1177
450 564 585 700 870 906 998 1165 1246
64
0 3 27 33 41 43 45 48 52 53 81 93 95 99 104 105 107 111 113 114 115 153 160 167 180 182 193 198 209 219 236 268 270 279 285 305 317 320 321 324 328 337 339 346 351 353 362 368 382 384 427 430 445 446 448 449 450 452 455 462 464 468 470 476 477 480 482 483 485 488 505 564 575 582 592 595 600 604 606 607 610 612 615 616 618 619 621 622 623 624 625 627 631 633 634 635 641 642 643 646 649 650 651 688 690 699 700 711 713 725 746 747 748 749 750 751 752 754 755 756 757 758 760 761 762 763 765 766 768 769 770 773 774 775 778 780 782 783 792 794 799 800 802 804 805 806 807 816 825 826 828 829 835 843 862 872 888 893 895 897 899 900 901 902 905 906 914 921 925 927 928 939 948 955 959 978 988 989 992 1007 1014 1018 1020 1021 1022 1023 1024 1026 1027 1030 1031 1032 1033 1039 1041 1044 1048 1051 1055 1057 1060 1061 1062 1068 1073 1075 1076 1079 1084 1091 1093 1095 1096 1116 1121 1130 1132 1143 1150 1156 1160 1162 1167 1177 1190 1207 1208 1218 1226 1229 1256 1269 1288 1289 1293 1294 1296 1298 1299 1300 1306 1307 1309 1325 1328 1329 1336 1337 1339 1343 1345 1346 1348 1349 1352 1358 1366 1372 1373 1374 1375 1376 1377 1379 1381 1382 1383 1385 1390 1401 1403 1408 1411 1412 1416 1417 1418 1419 1431 1437
514
11 159 474 618 619 620 621 642 800 802 803 804 828 895 897 898 899 927 967 1108 1113 1117 1120 1192 1195 1277 1305
1406
138
214
0 3 27 67 76 93 97 110 117 134 145 147 152 158 161 182 183 192 194 198 205 207 216 239 241 245 248 249 258 270 274 277 279 281 292 314 338 339 340 345 351 353 358 360 367 373 380 389 422 423 425 426 428 445 446 449 453 459 462 468 477 479 485 490 494 496 498 500 502 511 513 515 518 559 560 561 562 568 569 570 571 572 575 577 578 579 581 582 583 584 585 587 588 589 591 594 595 596 597 599 600 602 604 605 606 609 613 623 626 627 633 634 635 636 637 641 644 646 661 662 670 681 686 691 692 694 695 696 698 702 704 705 706 707 709 711 712 721 725 728 731 732 734 738 787 788 790 791 796 806 807 808 813 816 819 820 821 825 826 831 832 834 835 840 842 843 844 845 848 850 852 855 856 862 863 864 865 870 872 876 879 880 882 885 887 892 901 902 909 914 918 921 925 930 939 948 951 960 962 965 972 974 975 976 977 978 979 981 982 984 985 987 988 989 990 991 992 996 997 998 999 1000 1001 1003 1004 1005 1006 1008 1009 1010 1049 1077 1088 1094 1111 1118 1127 1136 1137 1139 1141 1143 1146 1147 1148 1158 1159 1160 1162 1163 1164 1165 1166 1167 1171 1172 1173 1174 1175 1176 1177 1178 1179 1205 1214 1215 1216 1217 1218 1220 1221 1222 1224 1226 1229 1232 1233 1234 1236 1237 1239 1244 1246 1247 1248 1250 1256 1260 1261 1283 1300 1325 1329 1336 1337 1348 1349 1355 1360 1362 1373 1379 1390 1401 1418 1431 1457 1461 1462
55 64 124 131 132 144 172 178 186 195 201 350 450 476 477 478 482 485 488 491 492 519 520 522 524 550 564 566 590 592 593 601 604 606 607 624 636 654 696 700 711 713 791 853 906 926 936 938 941 942 946 948 954 955 1081 1177 1243 1245 1252 1293 1294 1296 1298 1299 1300 1306 1307 1309 1325 1328 1329 1336 1337 1339 1343 1345 1346 1348 1349 1352 1358 1366 1373 1375 1376 1377 1379 1381 1382 1383 1385 1390 1401 1403 1408 1411 1412 1416 1417 1418 1419 1431 1437
1301
18 25 748 754 1022 1030 1124 1325 1328 1390 1401 1411
838 839 878 881 913 1037 1128
1469
61 63 119
4
731 732 734
118 123 136 235
108
101 118 120 123 125 126 127 128 130 133 135 136 137 139 140 141 142 143 235
1290
1365
6
61 1216 1217 1222 1234 1260 1324
119
24 45 78 107 162 250 293 296 302 391 396 398 401 485 529 542 558 605 876 1005 1173 1248
1400
59 68 148 149 155 176 207 210 242 262 281 311 312 318 319 325 327 329 330 331 332 333 335 336 343 349 352 360 372 375 387 389 429 433 435 436 438 440 441 443 447 451 456 458 495 518 546 568 570 572 575 577 578 582 583 584 585 587 588 589 591 594 595 597 598 599 600 602 605 644 663 665 666 667 668 669 671 673 674 678 679 680 728 763 773 813 819 821 825 831 832 843 844 845 848 850 852 857 862 863 864 865 870 872 876 879 880 891 907 963 970 972 975 977 978 979 981 988 989 990 991 992 993 997 998 999 1001 1003 1004 1005 1006 1008 1009 1057 1079 1106 1106 1127 1137 1141 1143 1146 1147 1159 1160 1162 1163 1164 1165 1166 1167 1168 1171 1172 1173 1174 1175 1178 1179 1205 1214 1215 1218 1220 1221 1224 1226 1229 1232 1233 1236 1237 1239 1244 1246 1247 1248 1250 1256 1259 1261 1309 1342 1360 1385 1419
561 562 695 790 796 887 962 965 1111
18 25 77 82 853
6 58 129 603 744 745 746 747 748 749 750 751 752 753 754 755 756 757 758 759 760 761 762 763 764 765 766 767 768 769 770 771 773 774 775 777 779 780 781 782 783 793 838 839 878 881 889 913 1012 1015 1016 1018 1020 1022 1023 1024 1026 1027 1028 1030 1031 1032 1033 1037 1041 1045 1048 1051 1055 1057 1058 1060 1061 1064 1068 1073 1075 1076 1079 1082 1084 1086 1091 1092 1093 1095 1096 1104 1128 1196 1197 1198 1201 1202 1203 1204 1209 1211 1219 1231 1257 1396 1426 1427 1428 1430 1432 1433 1444 1459 1467
776
0 3 27 33 41 43 45 48 52 53 93 99 104 105 107 111 113 114 219 236 285 305 450 476 477 480 482 483 485 488 492 532 564 566 568 570 572 575 577 578 582 583 584 585 587 588 589 591 592 594 595 597 598 599 600 602 604 605 606 607 688 690 699 700 711 713 813 819 821 825 831 832 843 844 845 848 850 852 857 862 863 864 865 870 872 876 879 880 905 906 948 955 972 975 977 978 979 981 988 989 990 991 992 993 997 998 999 1001 1003 1004 1005 1006 1008 1009 1021 1121 1127 1137 1141 1143 1146 1147 1159 1160 1162 1163 1164 1165 1166 1167 1168 1171 1172 1173 1174 1175 1177 1178 1179 1205 1214 1215 1218 1220 1221 1224 1226 1229 1232 1233 1236 1237 1239 1244 1246 1247 1248 1250 1256 1259 1261 1269 1293 1294 1296 1298 1299 1300 1306 1307 1309 1325 1328 1329 1336 1337 1339 1343 1345 1346 1348 1349 1352 1358 1366 1373 1375 1376 1377 1379 1381 1382 1383 1385 1390 1401 1403 1408 1411 1412 1416 1417 1418 1419 1431 1437
733
115 160 176 206 209 321 362 430 470 616
264 344 514 521 523 530 536 549 553 565 574 703 847 858 877 935 943 944 945 950
176 336
670
776
290 388 411 416 710 714 716 718 720 861 866 1185 1191 1194 1213 1326 1459
2 10 13 14 15 16 17 18 19 20 21 22 23 24 25 26 27 28 29 30 31 32 33 34 35 36 37 38 39 40 41 42 43 44 45 46 47 48 49 50 51 52 53 54 55 56 59 60 62 63 69 71 76 77 78 80 82 83 84 85 86 87 90 91 92 93 94 96 97 98 99 100 102 103 104 105 106 107 109 110 111 112 113 114 116 122 124 132 134 144 157 161 162 166 168 169 170 171 172 173 174 175 177 178 179 181 183 184 187 189 191 194 195 197 200 202 205 206 207 210 215 216 223 225 227 229 230 231 237 249 250 254 255 256 257 258 259 260 263 265 266 267 269 271 273 277 278 281 284 286 287 288 289 291 292 293 294 295 296 297 298 299 300 301 302 303 304 306 307 308 309 310 314 315 340 351 358 360 366 368 369 370 385 388 389 391 392 393 395 396 397 398 399 400 401 402 403 404 405 407 408 409 410 412 413 414 415 417 418 419 420 421 424 425 450 459 464 475 476 477 481 482 485 488 489 492 498 507 508 509 510 512 513 516 517 518 526 527 528 529 532 533 534 535 537 538 539 540 541 542 543 544 545 547 548 551 552 554 555 556 557 558 560 561 562 563 564 566 568 569 570 572 573 575 577 578 579 580 582 583 584 585 587 588 589 591 592 594 595 597 598 599 600 602 604 605 606 607 609 629 633 638 639 644 657 660 676 677 681 682 686 687 689 692 695 696 699 700 707 708 710 711 713 714 716 718 719 720 724 725 726 727 728 729 730 735 785 787 788 789 790 791 796 811 813 819 821 825 831 832 834 843 844 845 846 848 850 851 852 857 861 862 863 864 865 866 870 872 873 874 876 879 880 883 885 886 887 894 905 906 909 917 922 929 932 947 948 951 955 956 960 962 965 966 972 975 977 978 979 981 985 988 989 990 991 992 993 994 995 997 998 999 1000 1001 1002 1003 1004 1005 1006 1008 1009 1011 1013 1021 1043 1046 1049 1050 1059 1063 1077 1078 1080 1088 1089 1094 1097 1098 1101 1102 1106 1111 1115 1118 1121 1127 1131 1135 1137 1138 1141 1143 1145 1146 1147 1151 1159 1160 1162 1163 1164 1165 1166 1167 1168 1171 1172 1173 1174 1175 1176 1177 1178 1179 1180 1183 1188 1205 1214 1215 1216 1217 1218 1220 1221 1222 1224 1226 1229 1232 1233 1234 1235 1236 1237 1238 1239 1241 1244 1246 1247 1248 1250 1254 1256 1259 1260 1261 1264 1268 1269 1274 1280 1283 1293 1294 1297 1298 1299 1300 1306 1307 1309 1313 1314 1316 1318 1320 1325 1328 1329 1336 1337 1339 1341 1343 1345 1346 1348 1349 1352 1355 1358 1360 1366 1369 1371 1373 1375 1376 1379 1381 1382 1383 1384 1385 1390 1401 1403 1408 1411 1412 1416 1417 1418 1419 1429 1431 1434 1437 1457 1458 1461 1462
367 479 691 855
5 7
120 127 363 442
92 177 266 482 955
103 106 112 122
1440
824
324 382 505 731 732 734 799 893
1406
97 110 137 183 191 205 235 340 358 510 546 684 685
0 3 115 201 209 316 334 348 350 355 362 364 378 406 444 465 467 468 470 499 532 641 646 649 650 651 653 722 737 739 742 826 835 920 921 925 938 939 946 947 949 952 953 954 956 961 1177 1180 1227 1243 1245 1249 1251 1252 1253 1255 1262 1263 1294 1296 1300 1309 1329 1330 1336 1337 1345 1348 1349 1351 1352 1357 1359 1365 1376 1377 1379 1381 1385 1403 1408 1418 1420 1421 1423
29 35 53 62 70 95 102 110 114 127 150 165 180 187 194 197 202 205 207 216 225 236 243 253 268 277 278 281 292 305 326 334 358 360 365 376 384 389 434 444 471 480 506 516 518 520 550 566 573 595 644 647 652 686 688 728 773 782 830 836 862 936 937 942 980 986 989 1067 1069 1079 1095 1153 1167 1226 1254 1288 1306 1317 1339 1341 1359 1372 1382 1389 1420 1442 1443 1463
12
1360
196 196 203 203
1099 1406
108
916 1134 1275 1312 1388
1 108 1290 1290 1347 1350 1367 1400 1435
121 138 344 371 469 486 491 514 521 523 530 536 549 553 565 574 586 648 654 659 812 823 827 847 849 858 860 867 869 871 875 877 935 943 944 945 950 1071 1090 1100 1103
218 221 222 226
176 190 494 1466
569
61 63
31 55
640
129
43 105 126 130 140 141 219 285 363 483 519 522 524 578 690 832 981 1147 1221
158 248 428
158 248 428 798 801 818 854
525 531
1235 1254 1341
